phase,pulse_num,sim_time,eta_a,eta_b,e_delta_a,e_delta_b
rest,1,100.0,-0.111801,-0.118541,0,0
rest,1,200.0,-0.108865,-0.115899,0,0
rest,1,300.0,-0.109792,-0.111270,0,0
rest,1,400.0,-0.113943,-0.110945,0,0
rest,1,500.0,-0.115044,-0.101010,0,0
rest,1,600.0,-0.106017,-0.107649,0,0
rest,1,700.0,-0.111908,-0.110448,0,0
rest,1,800.0,-0.099125,-0.104499,0,0
rest,1,900.0,-0.104651,-0.108108,0,0
rest,1,1000.0,-0.107091,-0.104816,0,0
rest,1,1100.0,-0.105740,-0.106667,0,0
rest,1,1200.0,-0.108029,-0.103004,0,0
rest,1,1300.0,-0.105109,-0.102128,0,0
rest,1,1400.0,-0.107623,-0.110092,0,0
rest,1,1500.0,-0.113264,-0.109955,0,0
rest,1,1600.0,-0.103245,-0.100890,0,0
rest,1,1700.0,-0.105109,-0.096728,0,0
rest,1,1800.0,-0.102339,-0.111929,0,0
rest,1,1900.0,-0.102339,-0.105865,0,0
rest,1,2000.0,-0.099561,-0.109195,0,0
rest,1,2100.0,-0.107872,-0.104803,0,0
rest,1,2200.0,-0.106169,-0.092219,0,0
rest,1,2300.0,-0.115445,-0.102710,0,0
rest,1,2400.0,-0.103093,-0.104964,0,0
rest,1,2500.0,-0.110305,-0.099715,0,0
rest,1,2600.0,-0.107558,-0.099715,0,0
rest,1,2700.0,-0.099270,-0.096728,0,0
rest,1,2800.0,-0.110305,-0.088626,0,0
rest,1,2900.0,-0.105740,-0.097004,0,0
rest,1,3000.0,-0.107402,-0.100143,0,0
rest,1,3100.0,-0.102874,-0.099698,0,0
rest,1,3200.0,-0.099270,-0.104348,0,0
rest,1,3300.0,-0.105919,-0.102874,0,0
rest,1,3400.0,-0.106750,-0.092450,0,0
rest,1,3500.0,-0.106351,-0.097842,0,0
rest,1,3600.0,-0.105572,-0.098408,0,0
rest,1,3700.0,-0.109510,-0.096866,0,0
rest,1,3800.0,-0.104499,-0.091691,0,0
rest,1,3900.0,-0.102102,-0.094828,0,0
rest,1,4000.0,-0.102719,-0.098214,0,0
rest,1,4100.0,-0.102339,-0.099573,0,0
rest,1,4200.0,-0.102489,-0.099573,0,0
rest,1,4300.0,-0.097117,-0.094955,0,0
rest,1,4400.0,-0.098655,-0.091429,0,0
rest,1,4500.0,-0.108029,-0.084058,0,0
rest,1,4600.0,-0.099689,-0.101040,0,0
rest,1,4700.0,-0.106667,-0.095541,0,0
rest,1,4800.0,-0.100443,-0.089080,0,0
rest,1,4900.0,-0.099125,-0.087336,0,0
rest,1,5000.0,-0.102639,-0.093567,0,0
rest,1,5100.0,-0.096491,-0.093093,0,0
rest,1,5200.0,-0.095097,-0.092619,0,0
rest,1,5300.0,-0.098765,-0.102874,0,0
rest,1,5400.0,-0.107744,-0.094675,0,0
rest,1,5500.0,-0.100152,-0.099071,0,0
rest,1,5600.0,-0.101796,-0.093842,0,0
rest,1,5700.0,-0.103937,-0.090361,0,0
rest,1,5800.0,-0.098837,-0.083086,0,0
rest,1,5900.0,-0.096970,-0.091503,0,0
rest,1,6000.0,-0.095665,-0.082596,0,0
rest,1,6100.0,-0.090248,-0.085420,0,0
rest,1,6200.0,-0.094937,-0.093093,0,0
rest,1,6300.0,-0.094003,-0.090150,0,0
rest,1,6400.0,-0.096096,-0.092736,0,0
rest,1,6500.0,-0.095097,-0.086957,0,0
rest,1,6600.0,-0.097489,-0.095238,0,0
rest,1,6700.0,-0.091445,-0.100000,0,0
rest,1,6800.0,-0.098462,-0.098884,0,0
rest,1,6900.0,-0.095097,-0.090379,0,0
rest,1,7000.0,-0.088496,-0.094286,0,0
rest,1,7100.0,-0.094937,-0.096774,0,0
rest,1,7200.0,-0.093233,-0.087463,0,0
rest,1,7300.0,-0.097331,-0.085799,0,0
rest,1,7400.0,-0.096491,-0.086957,0,0
rest,1,7500.0,-0.103560,-0.098101,0,0
rest,1,7600.0,-0.086181,-0.094815,0,0
rest,1,7700.0,-0.086181,-0.089725,0,0
rest,1,7800.0,-0.084337,-0.080838,0,0
rest,1,7900.0,-0.086957,-0.089985,0,0
rest,1,8000.0,-0.085627,-0.091463,0,0
rest,1,8100.0,-0.079389,-0.091177,0,0
rest,1,8200.0,-0.092954,-0.096350,0,0
rest,1,8300.0,-0.095097,-0.094535,0,0
rest,1,8400.0,-0.097879,-0.087977,0,0
rest,1,8500.0,-0.096124,-0.087209,0,0
rest,1,8600.0,-0.097902,-0.087879,0,0
rest,1,8700.0,-0.101806,-0.084772,0,0
rest,1,8800.0,-0.101639,-0.097879,0,0
rest,1,8900.0,-0.099379,-0.089094,0,0
rest,1,9000.0,-0.088957,-0.086181,0,0
rest,1,9100.0,-0.100000,-0.091043,0,0
rest,1,9200.0,-0.089686,-0.092814,0,0
rest,1,9300.0,-0.091463,-0.089686,0,0
rest,1,9400.0,-0.091603,-0.088496,0,0
rest,1,9500.0,-0.094675,-0.089466,0,0
rest,1,9600.0,-0.094535,-0.088550,0,0
rest,1,9700.0,-0.092949,-0.085562,0,0
rest,1,9800.0,-0.085308,-0.087690,0,0
rest,1,9900.0,-0.093979,-0.084211,0,0
rest,1,10000.0,-0.089783,-0.089645,0,0
rest,1,10100.0,-0.086553,-0.088586,0,0
rest,1,10200.0,-0.089506,-0.086356,0,0
rest,1,10300.0,-0.098726,-0.086124,0,0
rest,1,10400.0,-0.100000,-0.080745,0,0
rest,1,10500.0,-0.092308,-0.078864,0,0
rest,1,10600.0,-0.093797,-0.085627,0,0
rest,1,10700.0,-0.094225,-0.088091,0,0
rest,1,10800.0,-0.079872,-0.079114,0,0
rest,1,10900.0,-0.097059,-0.080597,0,0
rest,1,11000.0,-0.091445,-0.083582,0,0
rest,1,11100.0,-0.094535,-0.089286,0,0
rest,1,11200.0,-0.093093,-0.091918,0,0
rest,1,11300.0,-0.088496,-0.089153,0,0
rest,1,11400.0,-0.098413,-0.097792,0,0
rest,1,11500.0,-0.088626,-0.093313,0,0
rest,1,11600.0,-0.086022,-0.086124,0,0
rest,1,11700.0,-0.094946,-0.087613,0,0
rest,1,11800.0,-0.088146,-0.078603,0,0
rest,1,11900.0,-0.080123,-0.088415,0,0
rest,1,12000.0,-0.085420,-0.087977,0,0
rest,1,12100.0,-0.085890,-0.088496,0,0
rest,1,12200.0,-0.091043,-0.091445,0,0
rest,1,12300.0,-0.087083,-0.084180,0,0
rest,1,12400.0,-0.082935,-0.091503,0,0
rest,1,12500.0,-0.093939,-0.096875,0,0
rest,1,12600.0,-0.088889,-0.099644,0,0
rest,1,12700.0,-0.084337,-0.079529,0,0
rest,1,12800.0,-0.091603,-0.086022,0,0
rest,1,12900.0,-0.081325,-0.086420,0,0
rest,1,13000.0,-0.085173,-0.086455,0,0
rest,1,13100.0,-0.081081,-0.083333,0,0
rest,1,13200.0,-0.088889,-0.083573,0,0
rest,1,13300.0,-0.096154,-0.080000,0,0
rest,1,13400.0,-0.092800,-0.077280,0,0
rest,1,13500.0,-0.087481,-0.081277,0,0
rest,1,13600.0,-0.081448,-0.081042,0,0
rest,1,13700.0,-0.078431,-0.076312,0,0
rest,1,13800.0,-0.090379,-0.085960,0,0
rest,1,13900.0,-0.093233,-0.091195,0,0
rest,1,14000.0,-0.081169,-0.079389,0,0
rest,1,14100.0,-0.072398,-0.080229,0,0
rest,1,14200.0,-0.078247,-0.088106,0,0
rest,1,14300.0,-0.082192,-0.080960,0,0
rest,1,14400.0,-0.083591,-0.085960,0,0
rest,1,14500.0,-0.079745,-0.081633,0,0
rest,1,14600.0,-0.086207,-0.078125,0,0
rest,1,14700.0,-0.086957,-0.082616,0,0
rest,1,14800.0,-0.080000,-0.086181,0,0
rest,1,14900.0,-0.083832,-0.084337,0,0
rest,1,15000.0,-0.080838,-0.089231,0,0
rest,1,15100.0,-0.087637,-0.088146,0,0
rest,1,15200.0,-0.077381,-0.077266,0,0
rest,1,15300.0,-0.080871,-0.083333,0,0
rest,1,15400.0,-0.080000,-0.073314,0,0
rest,1,15500.0,-0.081633,-0.080371,0,0
rest,1,15600.0,-0.078616,-0.080371,0,0
rest,1,15700.0,-0.089286,-0.083981,0,0
rest,1,15800.0,-0.080357,-0.085044,0,0
rest,1,15900.0,-0.076336,-0.081395,0,0
rest,1,16000.0,-0.083752,-0.087227,0,0
rest,1,16100.0,-0.086124,-0.081752,0,0
rest,1,16200.0,-0.083086,-0.075802,0,0
rest,1,16300.0,-0.075415,-0.091216,0,0
rest,1,16400.0,-0.086379,-0.075758,0,0
rest,1,16500.0,-0.072181,-0.083815,0,0
rest,1,16600.0,-0.072488,-0.096346,0,0
rest,1,16700.0,-0.082963,-0.088106,0,0
rest,1,16800.0,-0.086093,-0.085950,0,0
rest,1,16900.0,-0.086093,-0.071540,0,0
rest,1,17000.0,-0.088050,-0.083183,0,0
rest,1,17100.0,-0.080238,-0.085799,0,0
rest,1,17200.0,-0.072181,-0.073248,0,0
rest,1,17300.0,-0.076923,-0.082569,0,0
rest,1,17400.0,-0.081633,-0.079389,0,0
rest,1,17500.0,-0.080238,-0.074738,0,0
rest,1,17600.0,-0.084084,-0.081871,0,0
rest,1,17700.0,-0.084592,-0.075188,0,0
rest,1,17800.0,-0.085169,-0.080477,0,0
rest,1,17900.0,-0.080620,-0.078838,0,0
rest,1,18000.0,-0.086957,-0.079764,0,0
rest,1,18100.0,-0.080477,-0.078431,0,0
rest,1,18200.0,-0.086553,-0.101167,0,0
rest,1,18300.0,-0.072508,-0.088816,0,0
rest,1,18400.0,-0.088685,-0.094262,0,0
rest,1,18500.0,-0.085672,-0.083205,0,0
rest,1,18600.0,-0.078488,-0.080838,0,0
rest,1,18700.0,-0.082317,-0.075643,0,0
rest,1,18800.0,-0.078788,-0.085044,0,0
rest,1,18900.0,-0.072181,-0.082671,0,0
rest,1,19000.0,-0.078078,-0.076809,0,0
rest,1,19100.0,-0.082192,-0.082949,0,0
rest,1,19200.0,-0.084592,-0.080000,0,0
rest,1,19300.0,-0.074675,-0.082508,0,0
rest,1,19400.0,-0.078832,-0.082353,0,0
rest,1,19500.0,-0.075802,-0.082353,0,0
rest,1,19600.0,-0.080925,-0.081818,0,0
rest,1,19700.0,-0.084084,-0.079063,0,0
rest,1,19800.0,-0.078832,-0.070588,0,0
rest,1,19900.0,-0.084507,-0.077670,0,0
rest,1,20000.0,-0.088748,-0.138801,0,0
rest,1,20100.0,-0.087092,-0.080672,0,0
rest,1,20200.0,-0.093588,-0.084507,0,0
rest,1,20300.0,-0.077280,-0.088050,0,0
rest,1,20400.0,-0.087102,-0.101942,0,0
rest,1,20500.0,-0.095745,-0.090535,0,0
rest,1,20600.0,-0.088795,-0.173913,0,0
rest,1,20700.0,-0.091463,-0.081505,0,0
rest,1,20800.0,-0.084977,-0.084243,0,0
rest,1,20900.0,-0.084465,-0.083591,0,0
rest,1,21000.0,-0.078550,-0.089231,0,0
rest,1,21100.0,-0.081505,-0.076358,0,0
rest,1,21200.0,-0.094545,-0.076503,0,0
rest,1,21300.0,-0.085173,-0.073132,0,0
rest,1,21400.0,-0.080386,-0.093398,0,0
rest,1,21500.0,-0.092783,-0.081761,0,0
rest,1,21600.0,-0.082822,-0.082803,0,0
rest,1,21700.0,-0.078303,-0.086799,0,0
rest,1,21800.0,-0.079179,-0.078035,0,0
rest,1,21900.0,-0.078603,-0.080692,0,0
rest,1,22000.0,-0.075949,-0.088468,0,0
rest,1,22100.0,-0.086817,-0.085851,0,0
rest,1,22200.0,-0.095400,-0.088028,0,0
rest,1,22300.0,-0.088012,-0.083736,0,0
rest,1,22400.0,-0.084772,-0.078247,0,0
rest,1,22500.0,-0.088146,-0.088050,0,0
rest,1,22600.0,-0.082149,-0.082372,0,0
rest,1,22700.0,-0.080000,-0.080620,0,0
rest,1,22800.0,-0.086957,-0.080515,0,0
rest,1,22900.0,-0.083210,-0.082695,0,0
rest,1,23000.0,-0.086687,-0.083981,0,0
rest,1,23100.0,-0.080119,-0.082019,0,0
rest,1,23200.0,-0.078003,-0.068006,0,0
rest,1,23300.0,-0.082963,-0.075591,0,0
rest,1,23400.0,-0.082111,-0.078603,0,0
rest,1,23500.0,-0.080960,-0.083582,0,0
rest,1,23600.0,-0.079295,-0.077280,0,0
rest,1,23700.0,-0.074516,-0.079877,0,0
rest,1,23800.0,-0.083077,-0.075908,0,0
rest,1,23900.0,-0.079745,-0.078853,0,0
rest,1,24000.0,-0.088748,-0.083077,0,0
rest,1,24100.0,-0.085799,-0.079646,0,0
rest,1,24200.0,-0.084425,-0.083601,0,0
rest,1,24300.0,-0.079027,-0.078740,0,0
rest,1,24400.0,-0.089701,-0.082609,0,0
rest,1,24500.0,-0.077961,-0.084459,0,0
rest,1,24600.0,-0.081967,-0.085667,0,0
rest,1,24700.0,-0.081571,-0.080645,0,0
rest,1,24800.0,-0.075873,-0.083462,0,0
rest,1,24900.0,-0.079882,-0.081081,0,0
rest,1,25000.0,-0.067568,-0.081169,0,0
rest,1,25100.0,-0.077519,-0.082149,0,0
rest,1,25200.0,-0.076220,-0.079633,0,0
rest,1,25300.0,-0.075415,-0.077882,0,0
rest,1,25400.0,-0.080000,-0.082192,0,0
rest,1,25500.0,-0.079633,-0.075286,0,0
rest,1,25600.0,-0.079389,-0.076677,0,0
rest,1,25700.0,-0.072900,-0.080672,0,0
rest,1,25800.0,-0.079755,-0.087520,0,0
rest,1,25900.0,-0.078431,-0.087237,0,0
rest,1,26000.0,-0.074450,-0.092369,0,0
rest,1,26100.0,-0.079882,-0.073855,0,0
rest,1,26200.0,-0.080238,-0.076809,0,0
rest,1,26300.0,-0.073365,-0.075353,0,0
rest,1,26400.0,-0.075758,-0.078195,0,0
rest,1,26500.0,-0.075472,-0.074627,0,0
rest,1,26600.0,-0.074184,-0.076246,0,0
rest,1,26700.0,-0.073395,-0.084772,0,0
rest,1,26800.0,-0.071322,-0.073529,0,0
rest,1,26900.0,-0.073846,-0.074194,0,0
rest,1,27000.0,-0.074419,-0.072968,0,0
rest,1,27100.0,-0.070444,-0.078125,0,0
rest,1,27200.0,-0.082919,-0.069620,0,0
rest,1,27300.0,-0.083086,-0.074820,0,0
rest,1,27400.0,-0.070769,-0.075581,0,0
rest,1,27500.0,-0.077496,-0.072046,0,0
rest,1,27600.0,-0.080292,-0.080614,0,0
rest,1,27700.0,-0.074534,-0.087805,0,0
rest,1,27800.0,-0.079755,-0.084772,0,0
rest,1,27900.0,-0.082569,-0.082949,0,0
rest,1,28000.0,-0.075758,-0.073395,0,0
rest,1,28100.0,-0.077544,-0.080420,0,0
rest,1,28200.0,-0.076103,-0.077042,0,0
rest,1,28300.0,-0.075873,-0.072670,0,0
rest,1,28400.0,-0.073282,-0.068536,0,0
rest,1,28500.0,-0.066246,-0.070400,0,0
rest,1,28600.0,-0.077381,-0.081505,0,0
rest,1,28700.0,-0.077037,-0.080123,0,0
rest,1,28800.0,-0.066667,-0.075362,0,0
rest,1,28900.0,-0.065967,-0.074189,0,0
rest,1,29000.0,-0.069971,-0.069841,0,0
rest,1,29100.0,-0.070901,-0.080238,0,0
rest,1,29200.0,-0.071318,-0.077760,0,0
rest,1,29300.0,-0.075691,-0.080838,0,0
rest,1,29400.0,-0.075912,-0.071318,0,0
rest,1,29500.0,-0.073206,-0.075912,0,0
rest,1,29600.0,-0.079566,-0.079339,0,0
rest,1,29700.0,-0.071322,-0.075472,0,0
rest,1,29800.0,-0.072948,-0.078550,0,0
rest,1,29900.0,-0.069465,-0.078313,0,0
rest,1,30000.0,-0.075253,-0.079295,0,0
rest,1,30100.0,-0.076696,-0.076220,0,0
rest,1,30200.0,-0.075235,-0.076246,0,0
rest,1,30300.0,-0.075658,-0.083333,0,0
rest,1,30400.0,-0.066784,-0.075075,0,0
rest,1,30500.0,-0.068493,-0.076220,0,0
rest,1,30600.0,-0.063492,-0.066667,0,0
rest,1,30700.0,-0.071197,-0.077419,0,0
rest,1,30800.0,-0.072948,-0.079585,0,0
rest,1,30900.0,-0.064815,-0.063253,0,0
rest,1,31000.0,-0.068750,-0.072414,0,0
rest,1,31100.0,-0.067692,-0.081325,0,0
rest,1,31200.0,-0.075472,-0.076800,0,0
rest,1,31300.0,-0.082437,-0.075117,0,0
rest,1,31400.0,-0.083045,-0.086522,0,0
rest,1,31500.0,-0.073733,-0.079745,0,0
rest,1,31600.0,-0.070513,-0.083789,0,0
rest,1,31700.0,-0.080775,-0.067416,0,0
rest,1,31800.0,-0.073282,-0.078907,0,0
rest,1,31900.0,-0.070878,-0.079365,0,0
rest,1,32000.0,-0.076583,-0.071535,0,0
rest,1,32100.0,-0.073365,-0.070901,0,0
rest,1,32200.0,-0.067176,-0.074650,0,0
rest,1,32300.0,-0.060800,-0.073846,0,0
rest,1,32400.0,-0.073733,-0.074189,0,0
rest,1,32500.0,-0.069486,-0.079063,0,0
rest,1,32600.0,-0.068047,-0.075362,0,0
rest,1,32700.0,-0.063158,-0.069869,0,0
rest,1,32800.0,-0.073529,-0.073746,0,0
rest,1,32900.0,-0.073964,-0.078375,0,0
rest,1,33000.0,-0.067449,-0.069364,0,0
rest,1,33100.0,-0.070692,-0.075691,0,0
rest,1,33200.0,-0.069909,-0.072359,0,0
rest,1,33300.0,-0.064319,-0.077280,0,0
rest,1,33400.0,-0.060883,-0.073964,0,0
rest,1,33500.0,-0.077441,-0.069620,0,0
rest,1,33600.0,-0.074313,-0.072464,0,0
rest,1,33700.0,-0.077170,-0.074516,0,0
rest,1,33800.0,-0.070444,-0.080257,0,0
rest,1,33900.0,-0.072202,-0.122951,0,0
rest,1,34000.0,-0.069565,-0.076135,0,0
rest,1,34100.0,-0.067350,-0.079764,0,0
rest,1,34200.0,-0.067251,-0.075581,0,0
rest,1,34300.0,-0.058282,-0.065379,0,0
rest,1,34400.0,-0.065967,-0.069803,0,0
rest,1,34500.0,-0.058910,-0.081505,0,0
rest,1,34600.0,-0.069182,-0.080257,0,0
rest,1,34700.0,-0.066570,-0.074294,0,0
rest,1,34800.0,-0.068966,-0.078370,0,0
rest,1,34900.0,-0.071429,-0.084507,0,0
rest,1,35000.0,-0.069666,-0.076923,0,0
rest,1,35100.0,-0.069486,-0.073090,0,0
rest,1,35200.0,-0.066566,-0.076923,0,0
rest,1,35300.0,-0.066768,-0.065967,0,0
rest,1,35400.0,-0.060150,-0.074928,0,0
rest,1,35500.0,-0.061856,-0.075036,0,0
rest,1,35600.0,-0.060790,-0.074962,0,0
rest,1,35700.0,-0.066860,-0.072508,0,0
rest,1,35800.0,-0.064815,-0.077796,0,0
rest,1,35900.0,-0.066165,-0.075000,0,0
rest,1,36000.0,-0.064801,-0.079529,0,0
rest,1,36100.0,-0.052469,-0.078989,0,0
rest,1,36200.0,-0.065517,-0.078370,0,0
rest,1,36300.0,-0.067176,-0.077399,0,0
rest,1,36400.0,-0.063636,-0.070122,0,0
rest,1,36500.0,-0.068966,-0.069401,0,0
rest,1,36600.0,-0.067340,-0.071111,0,0
rest,1,36700.0,-0.067114,-0.073638,0,0
rest,1,36800.0,-0.066165,-0.074627,0,0
rest,1,36900.0,-0.063830,-0.076433,0,0
rest,1,37000.0,-0.063063,-0.077037,0,0
rest,1,37100.0,-0.064815,-0.074962,0,0
rest,1,37200.0,-0.066879,-0.072100,0,0
rest,1,37300.0,-0.058552,-0.062598,0,0
rest,1,37400.0,-0.067485,-0.070552,0,0
rest,1,37500.0,-0.063253,-0.073960,0,0
rest,1,37600.0,-0.065868,-0.067747,0,0
rest,1,37700.0,-0.069930,-0.074534,0,0
rest,1,37800.0,-0.069324,-0.076789,0,0
rest,1,37900.0,-0.064982,-0.080279,0,0
rest,1,38000.0,-0.066365,-0.068351,0,0
rest,1,38100.0,-0.067340,-0.070053,0,0
rest,1,38200.0,-0.069803,-0.072838,0,0
rest,1,38300.0,-0.067847,-0.076809,0,0
rest,1,38400.0,-0.070122,-0.073620,0,0
rest,1,38500.0,-0.068047,-0.067055,0,0
rest,1,38600.0,-0.067485,-0.075472,0,0
rest,1,38700.0,-0.064122,-0.076696,0,0
rest,1,38800.0,-0.066667,-0.069666,0,0
rest,1,38900.0,-0.067947,-0.070381,0,0
rest,1,39000.0,-0.070740,-0.067278,0,0
rest,1,39100.0,-0.063636,-0.070878,0,0
rest,1,39200.0,-0.066176,-0.069085,0,0
rest,1,39300.0,-0.065625,-0.074074,0,0
rest,1,39400.0,-0.068217,-0.072214,0,0
rest,1,39500.0,-0.070501,-0.077160,0,0
rest,1,39600.0,-0.069069,-0.069909,0,0
rest,1,39700.0,-0.073456,-0.070769,0,0
rest,1,39800.0,-0.066365,-0.068862,0,0
rest,1,39900.0,-0.064122,-0.068554,0,0
rest,1,40000.0,-0.079566,-0.080844,0,0
rest,1,40100.0,-0.069486,-0.072780,0,0
rest,1,40200.0,-0.070588,-0.074419,0,0
rest,1,40300.0,-0.062615,-0.067093,0,0
rest,1,40400.0,-0.061765,-0.072569,0,0
rest,1,40500.0,-0.057576,-0.073365,0,0
rest,1,40600.0,-0.060423,-0.077160,0,0
rest,1,40700.0,-0.072165,-0.068351,0,0
rest,1,40800.0,-0.063758,-0.075041,0,0
rest,1,40900.0,-0.055988,-0.067797,0,0
rest,1,41000.0,-0.054422,-0.080925,0,0
rest,1,41100.0,-0.063593,-0.071778,0,0
rest,1,41200.0,-0.059468,-0.068852,0,0
rest,1,41300.0,-0.061404,-0.073333,0,0
rest,1,41400.0,-0.066465,-0.077519,0,0
rest,1,41500.0,-0.065319,-0.074434,0,0
rest,1,41600.0,-0.064327,-0.069620,0,0
rest,1,41700.0,-0.061493,-0.073016,0,0
rest,1,41800.0,-0.048265,-0.061919,0,0
rest,1,41900.0,-0.056951,-0.072785,0,0
rest,1,42000.0,-0.052356,-0.071942,0,0
rest,1,42100.0,-0.060606,-0.073059,0,0
rest,1,42200.0,-0.062222,-0.073600,0,0
rest,1,42300.0,-0.061256,-0.073507,0,0
rest,1,42400.0,-0.064319,-0.072289,0,0
rest,1,42500.0,-0.060800,-0.072289,0,0
rest,1,42600.0,-0.062305,-0.072441,0,0
rest,1,42700.0,-0.065015,-0.070626,0,0
rest,1,42800.0,-0.055130,-0.076789,0,0
rest,1,42900.0,-0.064516,-0.069620,0,0
rest,1,43000.0,-0.065379,-0.069697,0,0
rest,1,43100.0,-0.062874,-0.075472,0,0
rest,1,43200.0,-0.055215,-0.067416,0,0
rest,1,43300.0,-0.053571,-0.062500,0,0
rest,1,43400.0,-0.059701,-0.074405,0,0
rest,1,43500.0,-0.056296,-0.070796,0,0
rest,1,43600.0,-0.058733,-0.070796,0,0
rest,1,43700.0,-0.057057,-0.068249,0,0
rest,1,43800.0,-0.057057,-0.066165,0,0
rest,1,43900.0,-0.058997,-0.066879,0,0
rest,1,44000.0,-0.053422,-0.077882,0,0
rest,1,44100.0,-0.062016,-0.068966,0,0
rest,1,44200.0,-0.062222,-0.067947,0,0
rest,1,44300.0,-0.065476,-0.067747,0,0
rest,1,44400.0,-0.062500,-0.075117,0,0
rest,1,44500.0,-0.065421,-0.070878,0,0
rest,1,44600.0,-0.059561,-0.064815,0,0
rest,1,44700.0,-0.054711,-0.071875,0,0
rest,1,44800.0,-0.061674,-0.068862,0,0
rest,1,44900.0,-0.066768,-0.064220,0,0
rest,1,45000.0,-0.061765,-0.076070,0,0
rest,1,45100.0,-0.062130,-0.074184,0,0
rest,1,45200.0,-0.062968,-0.069841,0,0
rest,1,45300.0,-0.057143,-0.068643,0,0
rest,1,45400.0,-0.060060,-0.086806,0,0
rest,1,45500.0,-0.062038,-0.078370,0,0
rest,1,45600.0,-0.055046,-0.077601,0,0
rest,1,45700.0,-0.060222,-0.077295,0,0
rest,1,45800.0,-0.058015,-0.076503,0,0
rest,1,45900.0,-0.063158,-0.068740,0,0
rest,1,46000.0,-0.064319,-0.073937,0,0
rest,1,46100.0,-0.060423,-0.071563,0,0
rest,1,46200.0,-0.061947,-0.077058,0,0
rest,1,46300.0,-0.068293,-0.081911,0,0
rest,1,46400.0,-0.066225,-0.086207,0,0
rest,1,46500.0,-0.059259,-0.077042,0,0
rest,1,46600.0,-0.062593,-0.072838,0,0
rest,1,46700.0,-0.056338,-0.069909,0,0
rest,1,46800.0,-0.061824,-0.064516,0,0
rest,1,46900.0,-0.062593,-0.069382,0,0
rest,1,47000.0,-0.062780,-0.068966,0,0
rest,1,47100.0,-0.065319,-0.068323,0,0
rest,1,47200.0,-0.064615,-0.067416,0,0
rest,1,47300.0,-0.058480,-0.073836,0,0
rest,1,47400.0,-0.063253,-0.078303,0,0
rest,1,47500.0,-0.061162,-0.073600,0,0
rest,1,47600.0,-0.054545,-0.077042,0,0
rest,1,47700.0,-0.061069,-0.073171,0,0
rest,1,47800.0,-0.061962,-0.077922,0,0
rest,1,47900.0,-0.055077,-0.076159,0,0
rest,1,48000.0,-0.063796,-0.077572,0,0
rest,1,48100.0,-0.060883,-0.068148,0,0
rest,1,48200.0,-0.054135,-0.071006,0,0
rest,1,48300.0,-0.061069,-0.073016,0,0
rest,1,48400.0,-0.063348,-0.069277,0,0
rest,1,48500.0,-0.064815,-0.066465,0,0
rest,1,48600.0,-0.066566,-0.075873,0,0
rest,1,48700.0,-0.055470,-0.064830,0,0
rest,1,48800.0,-0.063830,-0.077703,0,0
rest,1,48900.0,-0.057229,-0.074534,0,0
rest,1,49000.0,-0.059524,-0.067176,0,0
rest,1,49100.0,-0.061538,-0.067682,0,0
rest,1,49200.0,-0.065116,-0.073964,0,0
rest,1,49300.0,-0.057229,-0.067251,0,0
rest,1,49400.0,-0.056213,-0.070796,0,0
rest,1,49500.0,-0.059435,-0.064993,0,0
rest,1,49600.0,-0.065185,-0.068148,0,0
rest,1,49700.0,-0.064801,-0.067153,0,0
rest,1,49800.0,-0.063733,-0.067278,0,0
rest,1,49900.0,-0.069182,-0.064327,0,0
rest,1,50000.0,-0.061947,-0.072072,0,0
rest,1,50100.0,-0.062315,-0.067797,0,0
rest,1,50200.0,-0.059259,-0.064993,0,0
rest,1,50300.0,-0.062968,-0.078176,0,0
rest,1,50400.0,-0.066667,-0.067901,0,0
rest,1,50500.0,-0.060423,-0.069952,0,0
rest,1,50600.0,-0.063636,-0.072595,0,0
rest,1,50700.0,-0.067055,-0.067496,0,0
rest,1,50800.0,-0.062038,-0.066667,0,0
rest,1,50900.0,-0.061947,-0.063636,0,0
rest,1,51000.0,-0.068111,-0.060222,0,0
rest,1,51100.0,-0.056548,-0.062687,0,0
rest,1,51200.0,-0.059524,-0.065574,0,0
rest,1,51300.0,-0.061919,-0.069069,0,0
rest,1,51400.0,-0.054711,-0.065967,0,0
rest,1,51500.0,-0.056632,-0.072555,0,0
rest,1,51600.0,-0.054795,-0.071642,0,0
rest,1,51700.0,-0.056515,-0.067742,0,0
rest,1,51800.0,-0.061224,-0.067381,0,0
rest,1,51900.0,-0.058480,-0.074600,0,0
rest,1,52000.0,-0.065466,-0.072165,0,0
rest,1,52100.0,-0.054962,-0.064993,0,0
rest,1,52200.0,-0.063158,-0.058824,0,0
rest,1,52300.0,-0.061947,-0.062500,0,0
rest,1,52400.0,-0.055130,-0.064611,0,0
rest,1,52500.0,-0.061824,-0.068554,0,0
rest,1,52600.0,-0.067588,-0.067153,0,0
rest,1,52700.0,-0.063291,-0.070896,0,0
rest,1,52800.0,-0.060606,-0.067548,0,0
rest,1,52900.0,-0.060698,-0.063830,0,0
rest,1,53000.0,-0.059970,-0.065319,0,0
rest,1,53100.0,-0.057057,-0.068006,0,0
rest,1,53200.0,-0.053097,-0.073507,0,0
rest,1,53300.0,-0.053492,-0.070552,0,0
rest,1,53400.0,-0.065359,-0.071813,0,0
rest,1,53500.0,-0.054711,-0.073059,0,0
rest,1,53600.0,-0.060883,-0.066768,0,0
rest,1,53700.0,-0.063063,-0.068627,0,0
rest,1,53800.0,-0.060150,-0.054744,0,0
rest,1,53900.0,-0.062968,-0.073211,0,0
rest,1,54000.0,-0.058737,-0.077399,0,0
rest,1,54100.0,-0.057839,-0.073482,0,0
rest,1,54200.0,-0.062305,-0.072289,0,0
rest,1,54300.0,-0.061135,-0.066246,0,0
rest,1,54400.0,-0.065744,-0.084034,0,0
rest,1,54500.0,-0.059880,-0.074675,0,0
rest,1,54600.0,-0.058309,-0.064205,0,0
rest,1,54700.0,-0.055882,-0.070632,0,0
rest,1,54800.0,-0.058565,-0.068071,0,0
rest,1,54900.0,-0.057751,-0.074434,0,0
rest,1,55000.0,-0.055046,-0.079566,0,0
rest,1,55100.0,-0.056380,-0.065116,0,0
rest,1,55200.0,-0.063898,-0.070175,0,0
rest,1,55300.0,-0.060976,-0.066225,0,0
rest,1,55400.0,-0.062315,-0.071563,0,0
rest,1,55500.0,-0.059970,-0.064632,0,0
rest,1,55600.0,-0.058480,-0.068323,0,0
rest,1,55700.0,-0.059084,-0.064417,0,0
rest,1,55800.0,-0.056886,-0.067901,0,0
rest,1,55900.0,-0.060423,-0.066116,0,0
rest,1,56000.0,-0.066265,-0.068750,0,0
rest,1,56100.0,-0.067485,-0.068323,0,0
rest,1,56200.0,-0.055965,-0.068966,0,0
rest,1,56300.0,-0.061135,-0.072214,0,0
rest,1,56400.0,-0.058480,-0.065319,0,0
rest,1,56500.0,-0.059880,-0.067588,0,0
rest,1,56600.0,-0.059435,-0.068111,0,0
rest,1,56700.0,-0.061674,-0.072785,0,0
rest,1,56800.0,-0.059613,-0.074576,0,0
rest,1,56900.0,-0.063063,-0.077601,0,0
rest,1,57000.0,-0.062038,-0.068111,0,0
rest,1,57100.0,-0.060958,-0.068027,0,0
rest,1,57200.0,-0.059900,-0.079498,0,0
rest,1,57300.0,-0.058997,-0.069909,0,0
rest,1,57400.0,-0.060698,-0.073333,0,0
rest,1,57500.0,-0.062780,-0.067086,0,0
rest,1,57600.0,-0.058282,-0.063898,0,0
rest,1,57700.0,-0.061224,-0.061192,0,0
rest,1,57800.0,-0.065421,-0.075286,0,0
rest,1,57900.0,-0.061069,-0.062016,0,0
rest,1,58000.0,-0.063253,-0.062706,0,0
rest,1,58100.0,-0.057839,-0.061789,0,0
rest,1,58200.0,-0.059970,-0.061372,0,0
rest,1,58300.0,-0.064615,-0.070547,0,0
rest,1,58400.0,-0.068223,-0.086957,0,0
rest,1,58500.0,-0.059701,-0.065814,0,0
rest,1,58600.0,-0.062780,-0.061644,0,0
rest,1,58700.0,-0.056291,-0.126126,0,0
rest,1,58800.0,-0.065770,-0.064298,0,0
rest,1,58900.0,-0.061728,-0.060703,0,0
rest,1,59000.0,-0.067073,-0.070175,0,0
rest,1,59100.0,-0.067278,-0.066038,0,0
rest,1,59200.0,-0.068858,-0.054400,0,0
rest,1,59300.0,-0.058193,-0.069079,0,0
rest,1,59400.0,-0.064516,-0.061644,0,0
rest,1,59500.0,-0.058537,-0.087463,0,0
rest,1,59600.0,-0.060995,-0.065253,0,0
rest,1,59700.0,-0.058442,-0.074219,0,0
rest,1,59800.0,-0.062687,-0.059468,0,0
rest,1,59900.0,-0.064417,-0.100917,0,0
rest,1,60000.0,-0.062500,-0.061350,0,0
rest,1,60100.0,-0.061444,-0.063291,0,0
rest,1,60200.0,-0.064205,-0.078365,0,0
rest,1,60300.0,-0.058015,-0.061588,0,0
rest,1,60400.0,-0.070000,-0.065744,0,0
rest,1,60500.0,-0.068345,-0.064935,0,0
rest,1,60600.0,-0.069193,-0.070175,0,0
rest,1,60700.0,-0.059613,-0.068182,0,0
rest,1,60800.0,-0.061688,-0.059748,0,0
rest,1,60900.0,-0.064516,-0.063796,0,0
rest,1,61000.0,-0.063158,-0.079511,0,0
rest,1,61100.0,-0.061192,-0.064957,0,0
rest,1,61200.0,-0.053892,-0.063492,0,0
rest,1,61300.0,-0.058104,-0.065681,0,0
rest,1,61400.0,-0.071556,-0.076233,0,0
rest,1,61500.0,-0.061538,-0.064298,0,0
rest,1,61600.0,-0.060150,-0.062992,0,0
rest,1,61700.0,-0.065359,-0.070922,0,0
rest,1,61800.0,-0.060403,-0.110672,0,0
rest,1,61900.0,-0.059791,-0.059468,0,0
rest,1,62000.0,-0.060800,-0.080808,0,0
rest,1,62100.0,-0.066116,-0.070248,0,0
rest,1,62200.0,-0.059613,-0.069291,0,0
rest,1,62300.0,-0.065574,-0.071813,0,0
rest,1,62400.0,-0.053973,-0.056572,0,0
rest,1,62500.0,-0.056886,-0.057600,0,0
rest,1,62600.0,-0.055470,-0.061389,0,0
rest,1,62700.0,-0.061162,-0.068750,0,0
rest,1,62800.0,-0.068182,-0.064830,0,0
rest,1,62900.0,-0.064319,-0.061290,0,0
rest,1,63000.0,-0.057839,-0.060606,0,0
rest,1,63100.0,-0.065523,-0.062609,0,0
rest,1,63200.0,-0.065421,-0.058064,0,0
rest,1,63300.0,-0.063228,-0.062361,0,0
rest,1,63400.0,-0.055215,-0.056291,0,0
rest,1,63500.0,-0.054962,-0.062603,0,0
rest,1,63600.0,-0.058282,-0.059937,0,0
rest,1,63700.0,-0.065041,-0.070763,0,0
rest,1,63800.0,-0.065217,-0.072519,0,0
rest,1,63900.0,-0.070450,-0.111702,0,0
rest,1,64000.0,-0.068006,-0.074468,0,0
rest,1,64100.0,-0.055470,-0.067797,0,0
rest,1,64200.0,-0.058632,-0.067682,0,0
rest,1,64300.0,-0.059113,-0.063745,0,0
rest,1,64400.0,-0.055728,-0.056872,0,0
rest,1,64500.0,-0.065217,-0.051565,0,0
rest,1,64600.0,-0.064220,-0.057971,0,0
rest,1,64700.0,-0.060703,-0.054237,0,0
rest,1,64800.0,-0.057057,-0.052202,0,0
rest,1,64900.0,-0.068027,-0.058366,0,0
rest,1,65000.0,-0.056951,-0.065892,0,0
rest,1,65100.0,-0.063796,-0.052805,0,0
rest,1,65200.0,-0.066561,-0.067308,0,0
rest,1,65300.0,-0.062016,-0.064725,0,0
rest,1,65400.0,-0.068452,-0.067742,0,0
rest,1,65500.0,-0.069069,-0.059406,0,0
rest,1,65600.0,-0.061256,-0.072595,0,0
rest,1,65700.0,-0.064122,-0.070039,0,0
rest,1,65800.0,-0.059701,-0.059113,0,0
rest,1,65900.0,-0.062208,-0.065728,0,0
rest,1,66000.0,-0.068293,-0.056291,0,0
rest,1,66100.0,-0.062593,-0.055728,0,0
rest,1,66200.0,-0.068862,-0.066445,0,0
rest,1,66300.0,-0.061069,-0.054927,0,0
rest,1,66400.0,-0.057402,-0.062193,0,0
rest,1,66500.0,-0.062315,-0.055556,0,0
rest,1,66600.0,-0.057576,-0.060703,0,0
rest,1,66700.0,-0.056951,-0.062069,0,0
rest,1,66800.0,-0.066038,-0.057692,0,0
rest,1,66900.0,-0.057234,-0.072658,0,0
rest,1,67000.0,-0.067961,-0.075330,0,0
rest,1,67100.0,-0.063253,-0.059748,0,0
rest,1,67200.0,-0.053422,-0.068841,0,0
rest,1,67300.0,-0.065831,-0.068966,0,0
rest,1,67400.0,-0.063540,-0.063758,0,0
rest,1,67500.0,-0.063898,-0.059701,0,0
rest,1,67600.0,-0.064417,-0.062810,0,0
rest,1,67700.0,-0.060201,-0.061674,0,0
rest,1,67800.0,-0.061538,-0.064407,0,0
rest,1,67900.0,-0.059282,-0.073260,0,0
rest,1,68000.0,-0.056426,-0.059211,0,0
rest,1,68100.0,-0.058552,-0.064715,0,0
rest,1,68200.0,-0.056426,-0.073395,0,0
rest,1,68300.0,-0.068571,-0.076531,0,0
rest,1,68400.0,-0.065379,-0.065476,0,0
rest,1,68500.0,-0.067901,-0.054054,0,0
rest,1,68600.0,-0.062193,-0.074074,0,0
rest,1,68700.0,-0.056951,-0.101266,0,0
rest,1,68800.0,-0.058282,-0.062397,0,0
rest,1,68900.0,-0.064234,-0.058309,0,0
rest,1,69000.0,-0.063954,-0.051200,0,0
rest,1,69100.0,-0.069697,-0.066667,0,0
rest,1,69200.0,-0.064234,-0.064103,0,0
rest,1,69300.0,-0.062687,-0.074074,0,0
rest,1,69400.0,-0.059435,-0.060708,0,0
rest,1,69500.0,-0.059701,-0.060032,0,0
rest,1,69600.0,-0.058462,-0.066528,0,0
rest,1,69700.0,-0.058651,-0.060302,0,0
rest,1,69800.0,-0.056632,-0.056426,0,0
rest,1,69900.0,-0.058282,-0.077626,0,0
rest,1,70000.0,-0.055718,-0.057402,0,0
rest,1,70100.0,-0.061069,-0.070370,0,0
rest,1,70200.0,-0.064122,-0.064626,0,0
rest,1,70300.0,-0.059880,-0.069808,0,0
rest,1,70400.0,-0.052632,-0.058064,0,0
rest,1,70500.0,-0.061824,-0.053957,0,0
rest,1,70600.0,-0.055637,-0.060703,0,0
rest,1,70700.0,-0.059172,-0.067039,0,0
rest,1,70800.0,-0.058394,-0.058915,0,0
rest,1,70900.0,-0.056886,-0.063694,0,0
rest,1,71000.0,-0.059880,-0.057143,0,0
rest,1,71100.0,-0.061444,-0.060606,0,0
rest,1,71200.0,-0.066890,-0.062857,0,0
rest,1,71300.0,-0.061224,-0.063593,0,0
rest,1,71400.0,-0.063733,-0.057725,0,0
rest,1,71500.0,-0.061069,-0.060883,0,0
rest,1,71600.0,-0.059791,-0.062696,0,0
rest,1,71700.0,-0.057751,-0.063758,0,0
rest,1,71800.0,-0.057229,-0.057234,0,0
rest,1,71900.0,-0.058480,-0.058282,0,0
rest,1,72000.0,-0.065041,-0.063333,0,0
rest,1,72100.0,-0.063593,-0.061962,0,0
rest,1,72200.0,-0.061644,-0.109890,0,0
rest,1,72300.0,-0.072381,-0.102362,0,0
rest,1,72400.0,-0.062500,-0.092308,0,0
rest,1,72500.0,-0.060032,-0.076294,0,0
rest,1,72600.0,-0.061290,-0.059880,0,0
rest,1,72700.0,-0.063593,-0.053640,0,0
rest,1,72800.0,-0.059970,-0.065831,0,0
rest,1,72900.0,-0.060032,-0.066550,0,0
rest,1,73000.0,-0.059970,-0.060222,0,0
rest,1,73100.0,-0.060127,-0.055556,0,0
rest,1,73200.0,-0.063796,-0.081744,0,0
rest,1,73300.0,-0.058480,-0.060883,0,0
rest,1,73400.0,-0.061633,-0.062696,0,0
rest,1,73500.0,-0.058915,-0.065147,0,0
rest,1,73600.0,-0.062598,-0.066778,0,0
rest,1,73700.0,-0.057489,-0.064715,0,0
rest,1,73800.0,-0.058480,-0.064516,0,0
rest,1,73900.0,-0.062696,-0.099668,0,0
rest,1,74000.0,-0.056801,-0.061389,0,0
rest,1,74100.0,-0.055394,-0.055470,0,0
rest,1,74200.0,-0.053892,-0.064715,0,0
rest,1,74300.0,-0.060318,-0.063123,0,0
rest,1,74400.0,-0.059655,-0.063291,0,0
rest,1,74500.0,-0.060504,-0.066890,0,0
rest,1,74600.0,-0.058632,-0.066225,0,0
rest,1,74700.0,-0.056972,-0.061192,0,0
rest,1,74800.0,-0.064205,-0.062112,0,0
rest,1,74900.0,-0.069324,-0.064407,0,0
rest,1,75000.0,-0.067002,-0.064615,0,0
rest,1,75100.0,-0.069098,-0.133971,0,0
rest,1,75200.0,-0.068493,-0.078788,0,0
rest,1,75300.0,-0.055814,-0.062284,0,0
rest,1,75400.0,-0.062208,-0.060201,0,0
rest,1,75500.0,-0.061256,-0.056782,0,0
rest,1,75600.0,-0.063092,-0.065015,0,0
rest,1,75700.0,-0.061069,-0.067496,0,0
rest,1,75800.0,-0.060883,-0.056604,0,0
rest,1,75900.0,-0.067340,-0.060222,0,0
rest,1,76000.0,-0.058120,-0.075581,0,0
rest,1,76100.0,-0.060790,-0.056856,0,0
rest,1,76200.0,-0.062598,-0.050336,0,0
rest,1,76300.0,-0.063551,-0.126316,0,0
rest,1,76400.0,-0.060423,-0.064103,0,0
rest,1,76500.0,-0.056162,-0.121212,0,0
rest,1,76600.0,-0.061290,-0.054575,0,0
rest,1,76700.0,-0.061538,-0.065041,0,0
rest,1,76800.0,-0.057839,-0.052980,0,0
rest,1,76900.0,-0.056872,-0.056013,0,0
rest,1,77000.0,-0.055641,-0.051458,0,0
rest,1,77100.0,-0.065744,-0.053763,0,0
rest,1,77200.0,-0.063092,-0.056693,0,0
rest,1,77300.0,-0.060897,-0.060708,0,0
rest,1,77400.0,-0.057927,-0.054329,0,0
rest,1,77500.0,-0.060976,-0.063545,0,0
rest,1,77600.0,-0.064516,-0.059468,0,0
rest,1,77700.0,-0.058064,-0.060032,0,0
rest,1,77800.0,-0.065180,-0.062696,0,0
rest,1,77900.0,-0.066087,-0.063866,0,0
rest,1,78000.0,-0.058442,-0.064715,0,0
rest,1,78100.0,-0.056338,-0.102389,0,0
rest,1,78200.0,-0.061290,-0.069291,0,0
rest,1,78300.0,-0.060423,-0.061162,0,0
rest,1,78400.0,-0.058824,-0.064024,0,0
rest,1,78500.0,-0.073643,-0.080169,0,0
rest,1,78600.0,-0.059701,-0.057927,0,0
rest,1,78700.0,-0.062284,-0.057762,0,0
rest,1,78800.0,-0.060606,-0.065934,0,0
rest,1,78900.0,-0.058462,-0.061990,0,0
rest,1,79000.0,-0.065681,-0.064309,0,0
rest,1,79100.0,-0.086538,-0.113744,0,0
rest,1,79200.0,-0.059308,-0.061889,0,0
rest,1,79300.0,-0.060995,-0.063636,0,0
rest,1,79400.0,-0.064103,-0.061350,0,0
rest,1,79500.0,-0.058565,-0.064309,0,0
rest,1,79600.0,-0.056380,-0.063333,0,0
rest,1,79700.0,-0.057927,-0.061688,0,0
rest,1,79800.0,-0.055046,-0.068852,0,0
rest,1,79900.0,-0.075388,-0.103226,0,0
rest,1,80000.0,-0.058997,-0.123967,0,0
rest,1,80100.0,-0.055637,-0.065116,0,0
rest,1,80200.0,-0.057663,-0.062069,0,0
rest,1,80300.0,-0.062500,-0.058347,0,0
rest,1,80400.0,-0.060790,-0.058824,0,0
rest,1,80500.0,-0.064957,-0.069815,0,0
rest,1,80600.0,-0.058394,-0.060318,0,0
rest,1,80700.0,-0.059172,-0.063796,0,0
rest,1,80800.0,-0.057402,-0.060222,0,0
rest,1,80900.0,-0.055130,-0.060897,0,0
rest,1,81000.0,-0.055965,-0.067633,0,0
rest,1,81100.0,-0.059347,-0.066066,0,0
rest,1,81200.0,-0.059970,-0.069401,0,0
rest,1,81300.0,-0.077973,-0.102151,0,0
rest,1,81400.0,-0.061674,-0.064516,0,0
rest,1,81500.0,-0.059347,-0.064815,0,0
rest,1,81600.0,-0.063063,-0.058552,0,0
rest,1,81700.0,-0.058140,-0.062893,0,0
rest,1,81800.0,-0.059172,-0.065359,0,0
rest,1,81900.0,-0.058309,-0.058104,0,0
rest,1,82000.0,-0.058552,-0.062193,0,0
rest,1,82100.0,-0.058824,-0.060606,0,0
rest,1,82200.0,-0.056464,-0.064205,0,0
rest,1,82300.0,-0.058824,-0.065770,0,0
rest,1,82400.0,-0.058394,-0.062640,0,0
rest,1,82500.0,-0.058651,-0.061633,0,0
rest,1,82600.0,-0.056213,-0.080717,0,0
rest,1,82700.0,-0.064830,-0.117647,0,0
rest,1,82800.0,-0.069808,-0.119850,0,0
rest,1,82900.0,-0.060514,-0.068966,0,0
rest,1,83000.0,-0.057416,-0.062500,0,0
rest,1,83100.0,-0.056239,-0.100719,0,0
rest,1,83200.0,-0.057239,-0.103659,0,0
rest,1,83300.0,-0.065466,-0.061789,0,0
rest,1,83400.0,-0.062893,-0.067454,0,0
rest,1,83500.0,-0.058372,-0.067200,0,0
rest,1,83600.0,-0.059561,-0.053208,0,0
rest,1,83700.0,-0.058926,-0.060932,0,0
rest,1,83800.0,-0.060060,-0.048077,0,0
rest,1,83900.0,-0.060995,-0.057692,0,0
rest,1,84000.0,-0.063439,-0.061224,0,0
rest,1,84100.0,-0.065574,-0.085890,0,0
rest,1,84200.0,-0.068493,-0.083333,0,0
rest,1,84300.0,-0.057229,-0.070022,0,0
rest,1,84400.0,-0.060302,-0.134615,0,0
rest,1,84500.0,-0.066142,-0.064412,0,0
rest,1,84600.0,-0.064615,-0.063291,0,0
rest,1,84700.0,-0.064615,-0.088889,0,0
rest,1,84800.0,-0.064516,-0.067912,0,0
rest,1,84900.0,-0.065831,-0.071895,0,0
rest,1,85000.0,-0.066773,-0.063269,0,0
rest,1,85100.0,-0.059937,-0.065625,0,0
rest,1,85200.0,-0.053498,-0.098684,0,0
rest,1,85300.0,-0.059259,-0.057143,0,0
rest,1,85400.0,-0.065466,-0.060000,0,0
rest,1,85500.0,-0.058282,-0.065898,0,0
rest,1,85600.0,-0.061135,-0.056296,0,0
rest,1,85700.0,-0.063092,-0.060698,0,0
rest,1,85800.0,-0.060332,-0.059937,0,0
rest,1,85900.0,-0.063158,-0.066879,0,0
rest,1,86000.0,-0.062874,-0.061162,0,0
rest,1,86100.0,-0.067633,-0.062706,0,0
rest,1,86200.0,-0.062780,-0.061389,0,0
rest,1,86300.0,-0.061856,-0.076087,0,0
rest,1,86400.0,-0.063158,-0.061538,0,0
rest,1,86500.0,-0.061224,-0.063444,0,0
rest,1,86600.0,-0.061404,-0.063898,0,0
rest,1,86700.0,-0.059098,-0.057315,0,0
rest,1,86800.0,-0.052910,-0.057252,0,0
rest,1,86900.0,-0.060708,-0.077220,0,0
rest,1,87000.0,-0.068627,-0.064298,0,0
rest,1,87100.0,-0.058104,-0.061069,0,0
rest,1,87200.0,-0.065466,-0.059308,0,0
rest,1,87300.0,-0.061765,-0.068217,0,0
rest,1,87400.0,-0.057971,-0.091892,0,0
rest,1,87500.0,-0.059970,-0.063092,0,0
rest,1,87600.0,-0.065068,-0.111111,0,0
rest,1,87700.0,-0.060958,-0.064801,0,0
rest,1,87800.0,-0.061404,-0.059561,0,0
rest,1,87900.0,-0.066456,-0.101266,0,0
rest,1,88000.0,-0.066116,-0.061538,0,0
rest,1,88100.0,-0.062295,-0.092199,0,0
rest,1,88200.0,-0.063545,-0.091228,0,0
rest,1,88300.0,-0.072595,-0.092199,0,0
rest,1,88400.0,-0.065831,-0.064272,0,0
rest,1,88500.0,-0.062696,-0.056042,0,0
rest,1,88600.0,-0.066773,-0.062718,0,0
rest,1,88700.0,-0.064935,-0.077193,0,0
rest,1,88800.0,-0.069652,-0.093458,0,0
rest,1,88900.0,-0.063593,-0.100000,0,0
rest,1,89000.0,-0.060127,-0.062622,0,0
rest,1,89100.0,-0.063492,-0.071730,0,0
rest,1,89200.0,-0.058193,-0.081136,0,0
rest,1,89300.0,-0.059603,-0.067460,0,0
rest,1,89400.0,-0.066914,-0.091205,0,0
rest,1,89500.0,-0.058632,-0.065934,0,0
rest,1,89600.0,-0.061256,-0.066421,0,0
rest,1,89700.0,-0.060606,-0.049430,0,0
rest,1,89800.0,-0.060883,-0.052910,0,0
rest,1,89900.0,-0.061046,-0.053292,0,0
rest,1,90000.0,-0.060241,-0.052877,0,0
rest,1,90100.0,-0.076923,-0.084788,0,0
rest,1,90200.0,-0.071556,-0.119850,0,0
rest,1,90300.0,-0.066773,-0.066116,0,0
rest,1,90400.0,-0.062992,-0.069364,0,0
rest,1,90500.0,-0.062500,-0.073529,0,0
rest,1,90600.0,-0.062893,-0.105590,0,0
rest,1,90700.0,-0.064615,-0.081784,0,0
rest,1,90800.0,-0.061919,-0.053068,0,0
rest,1,90900.0,-0.064122,-0.056391,0,0
rest,1,91000.0,-0.064615,-0.056693,0,0
rest,1,91100.0,-0.060241,-0.054750,0,0
rest,1,91200.0,-0.065359,-0.052388,0,0
rest,1,91300.0,-0.067200,-0.065180,0,0
rest,1,91400.0,-0.059006,-0.054795,0,0
rest,1,91500.0,-0.061069,-0.062992,0,0
rest,1,91600.0,-0.064024,-0.064748,0,0
rest,1,91700.0,-0.062968,-0.063866,0,0
rest,1,91800.0,-0.060241,-0.072464,0,0
rest,1,91900.0,-0.064220,-0.090909,0,0
rest,1,92000.0,-0.063830,-0.065858,0,0
rest,1,92100.0,-0.057143,-0.068259,0,0
rest,1,92200.0,-0.065934,-0.072993,0,0
rest,1,92300.0,-0.066456,-0.072727,0,0
rest,1,92400.0,-0.066773,-0.064407,0,0
rest,1,92500.0,-0.067093,-0.065421,0,0
rest,1,92600.0,-0.063593,-0.081136,0,0
rest,1,92700.0,-0.060883,-0.059028,0,0
rest,1,92800.0,-0.061069,-0.060932,0,0
rest,1,92900.0,-0.063830,-0.049844,0,0
rest,1,93000.0,-0.063927,-0.060177,0,0
rest,1,93100.0,-0.062222,-0.061538,0,0
rest,1,93200.0,-0.063492,-0.068966,0,0
rest,1,93300.0,-0.060332,-0.062112,0,0
rest,1,93400.0,-0.059801,-0.108844,0,0
rest,1,93500.0,-0.062780,-0.062016,0,0
rest,1,93600.0,-0.062593,-0.064516,0,0
rest,1,93700.0,-0.055105,-0.070370,0,0
rest,1,93800.0,-0.061789,-0.058824,0,0
rest,1,93900.0,-0.057692,-0.058733,0,0
rest,1,94000.0,-0.063092,-0.053232,0,0
rest,1,94100.0,-0.057315,-0.050000,0,0
rest,1,94200.0,-0.059748,-0.048154,0,0
rest,1,94300.0,-0.063593,-0.089041,0,0
rest,1,94400.0,-0.053333,-0.095563,0,0
rest,1,94500.0,-0.064103,-0.056162,0,0
rest,1,94600.0,-0.059842,-0.061224,0,0
rest,1,94700.0,-0.060606,-0.059561,0,0
rest,1,94800.0,-0.063830,-0.059282,0,0
rest,1,94900.0,-0.063444,-0.056515,0,0
rest,1,95000.0,-0.068966,-0.068611,0,0
rest,1,95100.0,-0.062874,-0.062696,0,0
rest,1,95200.0,-0.063694,-0.057971,0,0
rest,1,95300.0,-0.063796,-0.100334,0,0
rest,1,95400.0,-0.060606,-0.066158,0,0
rest,1,95500.0,-0.060332,-0.057839,0,0
rest,1,95600.0,-0.061290,-0.073529,0,0
rest,1,95700.0,-0.060510,-0.071006,0,0
rest,1,95800.0,-0.063063,-0.049689,0,0
rest,1,95900.0,-0.063540,-0.081633,0,0
rest,1,96000.0,-0.059016,-0.125000,0,0
rest,1,96100.0,-0.060606,-0.053883,0,0
rest,1,96200.0,-0.066566,-0.060698,0,0
rest,1,96300.0,-0.064915,-0.087838,0,0
rest,1,96400.0,-0.065041,-0.062992,0,0
rest,1,96500.0,-0.065625,-0.096618,0,0
rest,1,96600.0,-0.061350,-0.063197,0,0
rest,1,96700.0,-0.070626,-0.067010,0,0
rest,1,96800.0,-0.055300,-0.074074,0,0
rest,1,96900.0,-0.053963,-0.091892,0,0
rest,1,97000.0,-0.052265,-0.083799,0,0
rest,1,97100.0,-0.055829,-0.088050,0,0
rest,1,97200.0,-0.054750,-0.067532,0,0
rest,1,97300.0,-0.064412,-0.063545,0,0
rest,1,97400.0,-0.090909,-0.096618,0,0
rest,1,97500.0,-0.071429,-0.114833,0,0
rest,1,97600.0,-0.062914,-0.077193,0,0
rest,1,97700.0,-0.061290,-0.057725,0,0
rest,1,97800.0,-0.060302,-0.082474,0,0
rest,1,97900.0,-0.057315,-0.065574,0,0
rest,1,98000.0,-0.058565,-0.062696,0,0
rest,1,98100.0,-0.058224,-0.056886,0,0
rest,1,98200.0,-0.058565,-0.056782,0,0
rest,1,98300.0,-0.057971,-0.058219,0,0
rest,1,98400.0,-0.055718,-0.067669,0,0
rest,1,98500.0,-0.061644,-0.116505,0,0
rest,1,98600.0,-0.063391,-0.050713,0,0
rest,1,98700.0,-0.057971,-0.097561,0,0
rest,1,98800.0,-0.061093,-0.075758,0,0
rest,1,98900.0,-0.058309,-0.052863,0,0
rest,1,99000.0,-0.055718,-0.062992,0,0
rest,1,99100.0,-0.055556,-0.058224,0,0
rest,1,99200.0,-0.058394,-0.055394,0,0
rest,1,99300.0,-0.057143,-0.052877,0,0
rest,1,99400.0,-0.058997,-0.058642,0,0
rest,1,99500.0,-0.060060,-0.053537,0,0
rest,1,99600.0,-0.055300,-0.062963,0,0
rest,1,99700.0,-0.066667,-0.106280,0,0
rest,1,99800.0,-0.064412,-0.061372,0,0
rest,1,99900.0,-0.057057,-0.059435,0,0
rest,1,100000.0,-0.060423,-0.057325,0,0
rest,1,100100.0,-0.062500,-0.075235,0,0
rest,1,100200.0,-0.063758,-0.058728,0,0
rest,1,100300.0,-0.064309,-0.055375,0,0
rest,1,100400.0,-0.067114,-0.049751,0,0
rest,1,100500.0,-0.057823,-0.048027,0,0
rest,1,100600.0,-0.057047,-0.064632,0,0
rest,1,100700.0,-0.061290,-0.062706,0,0
rest,1,100800.0,-0.060890,-0.060606,0,0
rest,1,100900.0,-0.061389,-0.059211,0,0
rest,1,101000.0,-0.057530,-0.077236,0,0
rest,1,101100.0,-0.064151,-0.067265,0,0
rest,1,101200.0,-0.060403,-0.095238,0,0
rest,1,101300.0,-0.062603,-0.055105,0,0
rest,1,101400.0,-0.064407,-0.053537,0,0
rest,1,101500.0,-0.055446,-0.043478,0,0
rest,1,101600.0,-0.060222,-0.054227,0,0
rest,1,101700.0,-0.052980,-0.054250,0,0
rest,1,101800.0,-0.059701,-0.106796,0,0
rest,1,101900.0,-0.058120,-0.065385,0,0
rest,1,102000.0,-0.063018,-0.067496,0,0
rest,1,102100.0,-0.056782,-0.089820,0,0
rest,1,102200.0,-0.060914,-0.103093,0,0
rest,1,102300.0,-0.055195,-0.062937,0,0
rest,1,102400.0,-0.058347,-0.065359,0,0
rest,1,102500.0,-0.058288,-0.071661,0,0
rest,1,102600.0,-0.054927,-0.054888,0,0
rest,1,102700.0,-0.058347,-0.067340,0,0
rest,1,102800.0,-0.056385,-0.090000,0,0
rest,1,102900.0,-0.054927,-0.059337,0,0
rest,1,103000.0,-0.058158,-0.056693,0,0
rest,1,103100.0,-0.060484,-0.064272,0,0
rest,1,103200.0,-0.068966,-0.070652,0,0
rest,1,103300.0,-0.066784,-0.050682,0,0
rest,1,103400.0,-0.057971,-0.046901,0,0
rest,1,103500.0,-0.061121,-0.079137,0,0
rest,1,103600.0,-0.067470,-0.086667,0,0
rest,1,103700.0,-0.058252,-0.059016,0,0
rest,1,103800.0,-0.057143,-0.118577,0,0
rest,1,103900.0,-0.068687,-0.118812,0,0
rest,1,104000.0,-0.068834,-0.057471,0,0
rest,1,104100.0,-0.076142,-0.102128,0,0
rest,1,104200.0,-0.055641,-0.055901,0,0
rest,1,104300.0,-0.058442,-0.097087,0,0
rest,1,104400.0,-0.049844,-0.054962,0,0
rest,1,104500.0,-0.055046,-0.073529,0,0
rest,1,104600.0,-0.055046,-0.108374,0,0
rest,1,104700.0,-0.050157,-0.087379,0,0
rest,1,104800.0,-0.055046,-0.106280,0,0
rest,1,104900.0,-0.053512,-0.059028,0,0
rest,1,105000.0,-0.064935,-0.061856,0,0
rest,1,105100.0,-0.062794,-0.055641,0,0
rest,1,105200.0,-0.059308,-0.071161,0,0
rest,1,105300.0,-0.061489,-0.060413,0,0
rest,1,105400.0,-0.055130,-0.055470,0,0
rest,1,105500.0,-0.053254,-0.061444,0,0
rest,1,105600.0,-0.054878,-0.060332,0,0
rest,1,105700.0,-0.057927,-0.055385,0,0
rest,1,105800.0,-0.057239,-0.059561,0,0
rest,1,105900.0,-0.051364,-0.061444,0,0
rest,1,106000.0,-0.058537,-0.049612,0,0
rest,1,106100.0,-0.061444,-0.050236,0,0
rest,1,106200.0,-0.059603,-0.062500,0,0
rest,1,106300.0,-0.059406,-0.058708,0,0
rest,1,106400.0,-0.058158,-0.065173,0,0
rest,1,106500.0,-0.062609,-0.056738,0,0
rest,1,106600.0,-0.061069,-0.055728,0,0
rest,1,106700.0,-0.060000,-0.059504,0,0
rest,1,106800.0,-0.056856,-0.049767,0,0
rest,1,106900.0,-0.062745,-0.058442,0,0
rest,1,107000.0,-0.056818,-0.042781,0,0
rest,1,107100.0,-0.058442,-0.050761,0,0
rest,1,107200.0,-0.060000,-0.048622,0,0
rest,1,107300.0,-0.067227,-0.097087,0,0
rest,1,107400.0,-0.063123,-0.050505,0,0
rest,1,107500.0,-0.059211,-0.061776,0,0
rest,1,107600.0,-0.057692,-0.056075,0,0
rest,1,107700.0,-0.054878,-0.056782,0,0
rest,1,107800.0,-0.060790,-0.056162,0,0
rest,1,107900.0,-0.060698,-0.053042,0,0
rest,1,108000.0,-0.054515,-0.056385,0,0
rest,1,108100.0,-0.064024,-0.053125,0,0
rest,1,108200.0,-0.064319,-0.056711,0,0
rest,1,108300.0,-0.061069,-0.052795,0,0
rest,1,108400.0,-0.054878,-0.055556,0,0
rest,1,108500.0,-0.055215,-0.058064,0,0
rest,1,108600.0,-0.058824,-0.064412,0,0
rest,1,108700.0,-0.058824,-0.058824,0,0
rest,1,108800.0,-0.056338,-0.055829,0,0
rest,1,108900.0,-0.057927,-0.054575,0,0
rest,1,109000.0,-0.057785,-0.049612,0,0
rest,1,109100.0,-0.057600,-0.049844,0,0
rest,1,109200.0,-0.054313,-0.057143,0,0
rest,1,109300.0,-0.050725,-0.081301,0,0
rest,1,109400.0,-0.045534,-0.080760,0,0
rest,1,109500.0,-0.056042,-0.118227,0,0
rest,1,109600.0,-0.059655,-0.055268,0,0
rest,1,109700.0,-0.052805,-0.055647,0,0
rest,1,109800.0,-0.050450,-0.081448,0,0
rest,1,109900.0,-0.056338,-0.073171,0,0
rest,1,110000.0,-0.054962,-0.065728,0,0
rest,1,110100.0,-0.055944,-0.055351,0,0
rest,1,110200.0,-0.057839,-0.064620,0,0
rest,1,110300.0,-0.056338,-0.065068,0,0
rest,1,110400.0,-0.051988,-0.065858,0,0
rest,1,110500.0,-0.058104,-0.052545,0,0
rest,1,110600.0,-0.057839,-0.058372,0,0
rest,1,110700.0,-0.055215,-0.063269,0,0
rest,1,110800.0,-0.057576,-0.054313,0,0
rest,1,110900.0,-0.054795,-0.058064,0,0
rest,1,111000.0,-0.058552,-0.056515,0,0
rest,1,111100.0,-0.054146,-0.058252,0,0
rest,1,111200.0,-0.053042,-0.059801,0,0
rest,1,111300.0,-0.053292,-0.052632,0,0
rest,1,111400.0,-0.057600,-0.058104,0,0
rest,1,111500.0,-0.057600,-0.055470,0,0
rest,1,111600.0,-0.054400,-0.058015,0,0
rest,1,111700.0,-0.054313,-0.046083,0,0
rest,1,111800.0,-0.070727,-0.056042,0,0
rest,1,111900.0,-0.063116,-0.106796,0,0
rest,1,112000.0,-0.059801,-0.048527,0,0
rest,1,112100.0,-0.061750,-0.086957,0,0
rest,1,112200.0,-0.046802,-0.049459,0,0
rest,1,112300.0,-0.056013,-0.050236,0,0
rest,1,112400.0,-0.062810,-0.057052,0,0
rest,1,112500.0,-0.080952,-0.058691,0,0
rest,1,112600.0,-0.060222,-0.055647,0,0
rest,1,112700.0,-0.058932,-0.049587,0,0
rest,1,112800.0,-0.058219,-0.055096,0,0
rest,1,112900.0,-0.055016,-0.089109,0,0
rest,1,113000.0,-0.055300,-0.054575,0,0
rest,1,113100.0,-0.061489,-0.055285,0,0
rest,1,113200.0,-0.048622,-0.087805,0,0
rest,1,113300.0,-0.048622,-0.055105,0,0
rest,1,113400.0,-0.052174,-0.100502,0,0
rest,1,113500.0,-0.058252,-0.057530,0,0
rest,1,113600.0,-0.055016,-0.058419,0,0
rest,1,113700.0,-0.056572,-0.062500,0,0
rest,1,113800.0,-0.060729,-0.057831,0,0
rest,1,113900.0,-0.050881,-0.077670,0,0
rest,1,114000.0,-0.053640,-0.055921,0,0
rest,1,114100.0,-0.058319,-0.040609,0,0
rest,1,114200.0,-0.050251,-0.045307,0,0
rest,1,114300.0,-0.053192,-0.087805,0,0
rest,1,114400.0,-0.050926,-0.082418,0,0
rest,1,114500.0,-0.050847,-0.094340,0,0
rest,1,114600.0,-0.052459,-0.057582,0,0
rest,1,114700.0,-0.055459,-0.081784,0,0
rest,1,114800.0,-0.051829,-0.054962,0,0
rest,1,114900.0,-0.054983,-0.084849,0,0
rest,1,115000.0,-0.052980,-0.101449,0,0
rest,1,115100.0,-0.048417,-0.078431,0,0
rest,1,115200.0,-0.045381,-0.067416,0,0
rest,1,115300.0,-0.054608,-0.092783,0,0
rest,1,115400.0,-0.045217,-0.088235,0,0
rest,1,115500.0,-0.056680,-0.058824,0,0
rest,1,115600.0,-0.049669,-0.055846,0,0
rest,1,115700.0,-0.059900,-0.058252,0,0
rest,1,115800.0,-0.058442,-0.053459,0,0
rest,1,115900.0,-0.058419,-0.049037,0,0
rest,1,116000.0,-0.067885,-0.076596,0,0
rest,1,116100.0,-0.043478,-0.110553,0,0
rest,1,116200.0,-0.057143,-0.057554,0,0
rest,1,116300.0,-0.056385,-0.049342,0,0
rest,1,116400.0,-0.055829,-0.043344,0,0
rest,1,116500.0,-0.051864,-0.058642,0,0
rest,1,116600.0,-0.045455,-0.059900,0,0
rest,1,116700.0,-0.042763,-0.098039,0,0
rest,1,116800.0,-0.057143,-0.110553,0,0
rest,1,116900.0,-0.052545,-0.097561,0,0
rest,1,117000.0,-0.056106,-0.052795,0,0
rest,1,117100.0,-0.058926,-0.068337,0,0
rest,1,117200.0,-0.056478,-0.058319,0,0
rest,1,117300.0,-0.050909,-0.064000,0,0
rest,1,117400.0,-0.052980,-0.053763,0,0
rest,1,117500.0,-0.051200,-0.063652,0,0
rest,1,117600.0,-0.055300,-0.055016,0,0
rest,1,117700.0,-0.053125,-0.059504,0,0
rest,1,117800.0,-0.045872,-0.059842,0,0
rest,1,117900.0,-0.052877,-0.054400,0,0
rest,1,118000.0,-0.048544,-0.068293,0,0
rest,1,118100.0,-0.056761,-0.065728,0,0
rest,1,118200.0,-0.055016,-0.062810,0,0
rest,1,118300.0,-0.058020,-0.065657,0,0
rest,1,118400.0,-0.054795,-0.049751,0,0
rest,1,118500.0,-0.055470,-0.044234,0,0
rest,1,118600.0,-0.055105,-0.078740,0,0
rest,1,118700.0,-0.051864,-0.042623,0,0
rest,1,118800.0,-0.052545,-0.051020,0,0
rest,1,118900.0,-0.054962,-0.053797,0,0
rest,1,119000.0,-0.059016,-0.047771,0,0
rest,1,119100.0,-0.054795,-0.052308,0,0
rest,1,119200.0,-0.049917,-0.096257,0,0
rest,1,119300.0,-0.054795,-0.042904,0,0
rest,1,119400.0,-0.051672,-0.053712,0,0
rest,1,119500.0,-0.041801,-0.050713,0,0
rest,1,119600.0,-0.043771,-0.102041,0,0
rest,1,119700.0,-0.046709,-0.125000,0,0
rest,1,119800.0,-0.043118,-0.058824,0,0
rest,1,119900.0,-0.048231,-0.060606,0,0
rest,1,120000.0,-0.046512,-0.056962,0,0
rest,1,120100.0,-0.050473,-0.053042,0,0
rest,1,120200.0,-0.045872,-0.047393,0,0
rest,1,120300.0,-0.049751,-0.081633,0,0
rest,1,120400.0,-0.051948,-0.050713,0,0
rest,1,120500.0,-0.055077,-0.054839,0,0
rest,1,120600.0,-0.050236,-0.052632,0,0
rest,1,120700.0,-0.054515,-0.051364,0,0
rest,1,120800.0,-0.058455,-0.055814,0,0
rest,1,120900.0,-0.054737,-0.045455,0,0
rest,1,121000.0,-0.050000,-0.057971,0,0
rest,1,121100.0,-0.049505,-0.053712,0,0
rest,1,121200.0,-0.042813,-0.056162,0,0
rest,1,121300.0,-0.054750,-0.044444,0,0
rest,1,121400.0,-0.045732,-0.047170,0,0
rest,1,121500.0,-0.056075,-0.116402,0,0
rest,1,121600.0,-0.048930,-0.053459,0,0
rest,1,121700.0,-0.047544,-0.070393,0,0
rest,1,121800.0,-0.049209,-0.056225,0,0
rest,1,121900.0,-0.050157,-0.060100,0,0
rest,1,122000.0,-0.051364,-0.057971,0,0
rest,1,122100.0,-0.051829,-0.104762,0,0
rest,1,122200.0,-0.044843,-0.055641,0,0
rest,1,122300.0,-0.047407,-0.053651,0,0
rest,1,122400.0,-0.049536,-0.051458,0,0
rest,1,122500.0,-0.049459,-0.050420,0,0
rest,1,122600.0,-0.050222,-0.058642,0,0
rest,1,122700.0,-0.048632,-0.051829,0,0
rest,1,122800.0,-0.047945,-0.064909,0,0
rest,1,122900.0,-0.044313,-0.051750,0,0
rest,1,123000.0,-0.056075,-0.096154,0,0
rest,1,123100.0,-0.055556,-0.056962,0,0
rest,1,123200.0,-0.048387,-0.059337,0,0
rest,1,123300.0,-0.054299,-0.046263,0,0
rest,1,123400.0,-0.051515,-0.085308,0,0
rest,1,123500.0,-0.053208,-0.053957,0,0
rest,1,123600.0,-0.050000,-0.042945,0,0
rest,1,123700.0,-0.053973,-0.048338,0,0
rest,1,123800.0,-0.054217,-0.054839,0,0
rest,1,123900.0,-0.053892,-0.055728,0,0
rest,1,124000.0,-0.049149,-0.076923,0,0
rest,1,124100.0,-0.052550,-0.056180,0,0
rest,1,124200.0,-0.045775,-0.028674,0,0
rest,1,124300.0,-0.049080,-0.054463,0,0
rest,1,124400.0,-0.051002,-0.058824,0,0
rest,1,124500.0,-0.050595,-0.051593,0,0
rest,1,124600.0,-0.051672,-0.057402,0,0
rest,1,124700.0,-0.044313,-0.053571,0,0
rest,1,124800.0,-0.046440,-0.056075,0,0
rest,1,124900.0,-0.050505,-0.052758,0,0
rest,1,125000.0,-0.054446,-0.041026,0,0
rest,1,125100.0,-0.050222,-0.055215,0,0
rest,1,125200.0,-0.047198,-0.055556,0,0
rest,1,125300.0,-0.058480,-0.066667,0,0
rest,1,125400.0,-0.059701,-0.066815,0,0
rest,1,125500.0,-0.052893,-0.057252,0,0
rest,1,125600.0,-0.052388,-0.043750,0,0
rest,1,125700.0,-0.047544,-0.046729,0,0
rest,1,125800.0,-0.046154,-0.076190,0,0
rest,1,125900.0,-0.051118,-0.055227,0,0
rest,1,126000.0,-0.055556,-0.055351,0,0
rest,1,126100.0,-0.050000,-0.052877,0,0
rest,1,126200.0,-0.044515,-0.042735,0,0
rest,1,126300.0,-0.052877,-0.045677,0,0
rest,1,126400.0,-0.054795,-0.046083,0,0
rest,1,126500.0,-0.052709,-0.050236,0,0
rest,1,126600.0,-0.056515,-0.054927,0,0
rest,1,126700.0,-0.048077,-0.045307,0,0
rest,1,126800.0,-0.051546,-0.041237,0,0
rest,1,126900.0,-0.051672,-0.044510,0,0
rest,1,127000.0,-0.051672,-0.044118,0,0
rest,1,127100.0,-0.046784,-0.047319,0,0
rest,1,127200.0,-0.050520,-0.049767,0,0
rest,1,127300.0,-0.049689,-0.046154,0,0
rest,1,127400.0,-0.049708,-0.053375,0,0
rest,1,127500.0,-0.046921,-0.052469,0,0
rest,1,127600.0,-0.050148,-0.048096,0,0
rest,1,127700.0,-0.046852,-0.052713,0,0
rest,1,127800.0,-0.050074,-0.048387,0,0
rest,1,127900.0,-0.049780,-0.105263,0,0
rest,1,128000.0,-0.049780,-0.050671,0,0
rest,1,128100.0,-0.045181,-0.044728,0,0
rest,1,128200.0,-0.048780,-0.051128,0,0
rest,1,128300.0,-0.048780,-0.042879,0,0
rest,1,128400.0,-0.049005,-0.047619,0,0
rest,1,128500.0,-0.038922,-0.051282,0,0
rest,1,128600.0,-0.049853,-0.041543,0,0
rest,1,128700.0,-0.047059,-0.046729,0,0
rest,1,128800.0,-0.046990,-0.045524,0,0
rest,1,128900.0,-0.053019,-0.050394,0,0
rest,1,129000.0,-0.055814,-0.054750,0,0
rest,1,129100.0,-0.052388,-0.051908,0,0
rest,1,129200.0,-0.056782,-0.057325,0,0
rest,1,129300.0,-0.050222,-0.054878,0,0
rest,1,129400.0,-0.050222,-0.045942,0,0
rest,1,129500.0,-0.046802,-0.045593,0,0
rest,1,129600.0,-0.054487,-0.050251,0,0
rest,1,129700.0,-0.044728,-0.049612,0,0
rest,1,129800.0,-0.047923,-0.052550,0,0
rest,1,129900.0,-0.041935,-0.053892,0,0
rest,1,130000.0,-0.045528,-0.051360,0,0
rest,1,130100.0,-0.055375,-0.049459,0,0
rest,1,130200.0,-0.047337,-0.050898,0,0
rest,1,130300.0,-0.051613,-0.053892,0,0
rest,1,130400.0,-0.050671,-0.055641,0,0
rest,1,130500.0,-0.050148,-0.049844,0,0
rest,1,130600.0,-0.054135,-0.052227,0,0
rest,1,130700.0,-0.048120,-0.048154,0,0
rest,1,130800.0,-0.047267,-0.049155,0,0
rest,1,130900.0,-0.049155,-0.048077,0,0
rest,1,131000.0,-0.049536,-0.094787,0,0
rest,1,131100.0,-0.048558,-0.046745,0,0
rest,1,131200.0,-0.045603,-0.043210,0,0
rest,1,131300.0,-0.051672,-0.046225,0,0
rest,1,131400.0,-0.045455,-0.043344,0,0
rest,1,131500.0,-0.054962,-0.051360,0,0
rest,1,131600.0,-0.049430,-0.036697,0,0
rest,1,131700.0,-0.045662,-0.051282,0,0
rest,1,131800.0,-0.041667,-0.046154,0,0
rest,1,131900.0,-0.047976,-0.054299,0,0
rest,1,132000.0,-0.045045,-0.052308,0,0
rest,1,132100.0,-0.049100,-0.067265,0,0
rest,1,132200.0,-0.050148,-0.054711,0,0
rest,1,132300.0,-0.050148,-0.058282,0,0
rest,1,132400.0,-0.051750,-0.043546,0,0
rest,1,132500.0,-0.061538,-0.085409,0,0
rest,1,132600.0,-0.050713,-0.046802,0,0
rest,1,132700.0,-0.050974,-0.050595,0,0
rest,1,132800.0,-0.050074,-0.054135,0,0
rest,1,132900.0,-0.050370,-0.053973,0,0
rest,1,133000.0,-0.049645,-0.048290,0,0
rest,1,133100.0,-0.048860,-0.056962,0,0
rest,1,133200.0,-0.047059,-0.050370,0,0
rest,1,133300.0,-0.048930,-0.058824,0,0
rest,1,133400.0,-0.045827,-0.054054,0,0
rest,1,133500.0,-0.039454,-0.052147,0,0
rest,1,133600.0,-0.039334,-0.046512,0,0
rest,1,133700.0,-0.045386,-0.045524,0,0
rest,1,133800.0,-0.050955,-0.055465,0,0
rest,1,133900.0,-0.045455,-0.053292,0,0
rest,1,134000.0,-0.042813,-0.043011,0,0
rest,1,134100.0,-0.045249,-0.053973,0,0
rest,1,134200.0,-0.040062,-0.057751,0,0
rest,1,134300.0,-0.047170,-0.061856,0,0
rest,1,134400.0,-0.042553,-0.055829,0,0
rest,1,134500.0,-0.048387,-0.047923,0,0
rest,1,134600.0,-0.048338,-0.048120,0,0
rest,1,134700.0,-0.039152,-0.047468,0,0
rest,1,134800.0,-0.048338,-0.048411,0,0
rest,1,134900.0,-0.052147,-0.046122,0,0
rest,1,135000.0,-0.044118,-0.056548,0,0
rest,1,135100.0,-0.042879,-0.046948,0,0
rest,1,135200.0,-0.050505,-0.049123,0,0
rest,1,135300.0,-0.048120,-0.051282,0,0
rest,1,135400.0,-0.051200,-0.056338,0,0
rest,1,135500.0,-0.048265,-0.051750,0,0
rest,1,135600.0,-0.048338,-0.047393,0,0
rest,1,135700.0,-0.052032,-0.054348,0,0
rest,1,135800.0,-0.048411,-0.051829,0,0
rest,1,135900.0,-0.049536,-0.042553,0,0
rest,1,136000.0,-0.048632,-0.051128,0,0
rest,1,136100.0,-0.036753,-0.039474,0,0
rest,1,136200.0,-0.037152,-0.051948,0,0
rest,1,136300.0,-0.053333,-0.052209,0,0
rest,1,136400.0,-0.050251,-0.051370,0,0
rest,1,136500.0,-0.045455,-0.053543,0,0
rest,1,136600.0,-0.053068,-0.050000,0,0
rest,1,136700.0,-0.048154,-0.048338,0,0
rest,1,136800.0,-0.044379,-0.051282,0,0
rest,1,136900.0,-0.051282,-0.045593,0,0
rest,1,137000.0,-0.045455,-0.048940,0,0
rest,1,137100.0,-0.041359,-0.045113,0,0
rest,1,137200.0,-0.044313,-0.045662,0,0
rest,1,137300.0,-0.049917,-0.044164,0,0
rest,1,137400.0,-0.045386,-0.048485,0,0
rest,1,137500.0,-0.043210,-0.043551,0,0
rest,1,137600.0,-0.045977,-0.048387,0,0
rest,1,137700.0,-0.039216,-0.045872,0,0
rest,1,137800.0,-0.044118,-0.051037,0,0
rest,1,137900.0,-0.044379,-0.048701,0,0
rest,1,138000.0,-0.049261,-0.036007,0,0
rest,1,138100.0,-0.043077,-0.044444,0,0
rest,1,138200.0,-0.038348,-0.043919,0,0
rest,1,138300.0,-0.038576,-0.049767,0,0
rest,1,138400.0,-0.046656,-0.087379,0,0
rest,1,138500.0,-0.047128,-0.050000,0,0
rest,1,138600.0,-0.043011,-0.053640,0,0
rest,1,138700.0,-0.057495,-0.081633,0,0
rest,1,138800.0,-0.048558,-0.052805,0,0
rest,1,138900.0,-0.043478,-0.054575,0,0
rest,1,139000.0,-0.047904,-0.052147,0,0
rest,1,139100.0,-0.041353,-0.067961,0,0
rest,1,139200.0,-0.047771,-0.046205,0,0
rest,1,139300.0,-0.048855,-0.041401,0,0
rest,1,139400.0,-0.046296,-0.048485,0,0
rest,1,139500.0,-0.037795,-0.042857,0,0
rest,1,139600.0,-0.047128,-0.047319,0,0
rest,1,139700.0,-0.044776,-0.051948,0,0
rest,1,139800.0,-0.047407,-0.049037,0,0
rest,1,139900.0,-0.046012,-0.060852,0,0
rest,1,140000.0,-0.053061,-0.071429,0,0
rest,1,140100.0,-0.043636,-0.047120,0,0
rest,1,140200.0,-0.064356,-0.086275,0,0
rest,1,140300.0,-0.049140,-0.083333,0,0
rest,1,140400.0,-0.044037,-0.044693,0,0
rest,1,140500.0,-0.044743,-0.051282,0,0
rest,1,140600.0,-0.047976,-0.049612,0,0
rest,1,140700.0,-0.048558,-0.047976,0,0
rest,1,140800.0,-0.046512,-0.046129,0,0
rest,1,140900.0,-0.051020,-0.061224,0,0
rest,1,141000.0,-0.048193,-0.052067,0,0
rest,1,141100.0,-0.045524,-0.046847,0,0
rest,1,141200.0,-0.045317,-0.046296,0,0
rest,1,141300.0,-0.048866,-0.087805,0,0
rest,1,141400.0,-0.047923,-0.047170,0,0
rest,1,141500.0,-0.045732,-0.039076,0,0
rest,1,141600.0,-0.033028,-0.089552,0,0
rest,1,141700.0,-0.043344,-0.039356,0,0
rest,1,141800.0,-0.042553,-0.071066,0,0
rest,1,141900.0,-0.046053,-0.068966,0,0
rest,1,142000.0,-0.047544,-0.097087,0,0
rest,1,142100.0,-0.049844,-0.042105,0,0
rest,1,142200.0,-0.052239,-0.041667,0,0
rest,1,142300.0,-0.049459,-0.049155,0,0
rest,1,142400.0,-0.047619,-0.053712,0,0
rest,1,142500.0,-0.051903,-0.073298,0,0
rest,1,142600.0,-0.046296,-0.052117,0,0
rest,1,142700.0,-0.042360,-0.047544,0,0
rest,1,142800.0,-0.041420,-0.050633,0,0
rest,1,142900.0,-0.043887,-0.060377,0,0
rest,1,143000.0,-0.045317,-0.051360,0,0
rest,1,143100.0,-0.047096,-0.037383,0,0
rest,1,143200.0,-0.048544,-0.060215,0,0
rest,1,143300.0,-0.039816,-0.047619,0,0
rest,1,143400.0,-0.044657,-0.056939,0,0
rest,1,143500.0,-0.047138,-0.068627,0,0
rest,1,143600.0,-0.039574,-0.056291,0,0
rest,1,143700.0,-0.041734,-0.045113,0,0
rest,1,143800.0,-0.045732,-0.043546,0,0
rest,1,143900.0,-0.042629,-0.074074,0,0
rest,1,144000.0,-0.043771,-0.053571,0,0
rest,1,144100.0,-0.047377,-0.081081,0,0
rest,1,144200.0,-0.048231,-0.047619,0,0
rest,1,144300.0,-0.045902,-0.098522,0,0
rest,1,144400.0,-0.044313,-0.040945,0,0
rest,1,144500.0,-0.038748,-0.049307,0,0
rest,1,144600.0,-0.041543,-0.044164,0,0
rest,1,144700.0,-0.041667,-0.040945,0,0
rest,1,144800.0,-0.044053,-0.050236,0,0
rest,1,144900.0,-0.044643,-0.045694,0,0
rest,1,145000.0,-0.046083,-0.050761,0,0
rest,1,145100.0,-0.044510,-0.053691,0,0
rest,1,145200.0,-0.044444,-0.049536,0,0
rest,1,145300.0,-0.043411,-0.040073,0,0
rest,1,145400.0,-0.045455,-0.037037,0,0
rest,1,145500.0,-0.044444,-0.033691,0,0
rest,1,145600.0,-0.045386,-0.044094,0,0
rest,1,145700.0,-0.043011,-0.044053,0,0
rest,1,145800.0,-0.041467,-0.041379,0,0
rest,1,145900.0,-0.042553,-0.045524,0,0
rest,1,146000.0,-0.042683,-0.048359,0,0
rest,1,146100.0,-0.044379,-0.046083,0,0
rest,1,146200.0,-0.044248,-0.047244,0,0
rest,1,146300.0,-0.041045,-0.072000,0,0
rest,1,146400.0,-0.044248,-0.048309,0,0
rest,1,146500.0,-0.046368,-0.042629,0,0
rest,1,146600.0,-0.043636,-0.063380,0,0
rest,1,146700.0,-0.041176,-0.051037,0,0
rest,1,146800.0,-0.041467,-0.057971,0,0
rest,1,146900.0,-0.042553,-0.038585,0,0
rest,1,147000.0,-0.044183,-0.043411,0,0
rest,1,147100.0,-0.049917,-0.046745,0,0
rest,1,147200.0,-0.044577,-0.047847,0,0
rest,1,147300.0,-0.047337,-0.048265,0,0
rest,1,147400.0,-0.044313,-0.042813,0,0
rest,1,147500.0,-0.041298,-0.052202,0,0
rest,1,147600.0,-0.045802,-0.045381,0,0
rest,1,147700.0,-0.044313,-0.040562,0,0
rest,1,147800.0,-0.040123,-0.045902,0,0
rest,1,147900.0,-0.048964,-0.057613,0,0
rest,1,148000.0,-0.038922,-0.041379,0,0
rest,1,148100.0,-0.049793,-0.070866,0,0
rest,1,148200.0,-0.040945,-0.041754,0,0
rest,1,148300.0,-0.053640,-0.074074,0,0
rest,1,148400.0,-0.046346,-0.053097,0,0
rest,1,148500.0,-0.050236,-0.060870,0,0
rest,1,148600.0,-0.037677,-0.058537,0,0
rest,1,148700.0,-0.045593,-0.047319,0,0
rest,1,148800.0,-0.048706,-0.046083,0,0
rest,1,148900.0,-0.042618,-0.049100,0,0
rest,1,149000.0,-0.049612,-0.047244,0,0
rest,1,149100.0,-0.047976,-0.042208,0,0
rest,1,149200.0,-0.049342,-0.051864,0,0
rest,1,149300.0,-0.052373,-0.048583,0,0
rest,1,149400.0,-0.045662,-0.050676,0,0
rest,1,149500.0,-0.044910,-0.040956,0,0
rest,1,149600.0,-0.046584,-0.053782,0,0
rest,1,149700.0,-0.046435,-0.043697,0,0
rest,1,149800.0,-0.043993,-0.043682,0,0
rest,1,149900.0,-0.054496,-0.070866,0,0
rest,1,150000.0,-0.052795,-0.050314,0,0
rest,1,150100.0,-0.052724,-0.055794,0,0
rest,1,150200.0,-0.043277,-0.045872,0,0
rest,1,150300.0,-0.050691,-0.066946,0,0
rest,1,150400.0,-0.048930,-0.037162,0,0
rest,1,150500.0,-0.058957,-0.066914,0,0
rest,1,150600.0,-0.048527,-0.050526,0,0
rest,1,150700.0,-0.049155,-0.051546,0,0
rest,1,150800.0,-0.035176,-0.080717,0,0
rest,1,150900.0,-0.034921,-0.042345,0,0
rest,1,151000.0,-0.046852,-0.051118,0,0
rest,1,151100.0,-0.035928,-0.046802,0,0
rest,1,151200.0,-0.044709,-0.046729,0,0
rest,1,151300.0,-0.046154,-0.056338,0,0
rest,1,151400.0,-0.054422,-0.079646,0,0
rest,1,151500.0,-0.047863,-0.044586,0,0
rest,1,151600.0,-0.052459,-0.073171,0,0
rest,1,151700.0,-0.051613,-0.054422,0,0
rest,1,151800.0,-0.047700,-0.086614,0,0
rest,1,151900.0,-0.043411,-0.051020,0,0
rest,1,152000.0,-0.049689,-0.050167,0,0
rest,1,152100.0,-0.051282,-0.040747,0,0
rest,1,152200.0,-0.047538,-0.049296,0,0
rest,1,152300.0,-0.044910,-0.037351,0,0
rest,1,152400.0,-0.049853,-0.051458,0,0
rest,1,152500.0,-0.046990,-0.048544,0,0
rest,1,152600.0,-0.036606,-0.043551,0,0
rest,1,152700.0,-0.043344,-0.039076,0,0
rest,1,152800.0,-0.040435,-0.046065,0,0
rest,1,152900.0,-0.047478,-0.034091,0,0
rest,1,153000.0,-0.046990,-0.042105,0,0
rest,1,153100.0,-0.047096,-0.067669,0,0
rest,1,153200.0,-0.044053,-0.037815,0,0
rest,1,153300.0,-0.047833,-0.051864,0,0
rest,1,153400.0,-0.050974,-0.039514,0,0
rest,1,153500.0,-0.039344,-0.050955,0,0
rest,1,153600.0,-0.047904,-0.044374,0,0
rest,1,153700.0,-0.050104,-0.060302,0,0
rest,1,153800.0,-0.047525,-0.053030,0,0
rest,1,153900.0,-0.041595,-0.043478,0,0
rest,1,154000.0,-0.056225,-0.036900,0,0
rest,1,154100.0,-0.047904,-0.044728,0,0
rest,1,154200.0,-0.056893,-0.103774,0,0
rest,1,154300.0,-0.044843,-0.046129,0,0
rest,1,154400.0,-0.049383,-0.046296,0,0
rest,1,154500.0,-0.040000,-0.055300,0,0
rest,1,154600.0,-0.046368,-0.045534,0,0
rest,1,154700.0,-0.044709,-0.045307,0,0
rest,1,154800.0,-0.046656,-0.059197,0,0
rest,1,154900.0,-0.045855,-0.047059,0,0
rest,1,155000.0,-0.049336,-0.047722,0,0
rest,1,155100.0,-0.049904,-0.058608,0,0
rest,1,155200.0,-0.045752,-0.049822,0,0
rest,1,155300.0,-0.048951,-0.070671,0,0
rest,1,155400.0,-0.051364,-0.046332,0,0
rest,1,155500.0,-0.049587,-0.050740,0,0
rest,1,155600.0,-0.057239,-0.055866,0,0
rest,1,155700.0,-0.049612,-0.045603,0,0
rest,1,155800.0,-0.045603,-0.057143,0,0
rest,1,155900.0,-0.046512,-0.055556,0,0
rest,1,156000.0,-0.049536,-0.042065,0,0
rest,1,156100.0,-0.055556,-0.050909,0,0
rest,1,156200.0,-0.052632,-0.041825,0,0
rest,1,156300.0,-0.047706,-0.042969,0,0
rest,1,156400.0,-0.051282,-0.043771,0,0
rest,1,156500.0,-0.047359,-0.038877,0,0
rest,1,156600.0,-0.063636,-0.042553,0,0
rest,1,156700.0,-0.037825,-0.065844,0,0
rest,1,156800.0,-0.046838,-0.066946,0,0
rest,1,156900.0,-0.046679,-0.050360,0,0
rest,1,157000.0,-0.044218,-0.044444,0,0
rest,1,157100.0,-0.045455,-0.089286,0,0
rest,1,157200.0,-0.039152,-0.066421,0,0
rest,1,157300.0,-0.060870,-0.089219,0,0
rest,1,157400.0,-0.052257,-0.069652,0,0
rest,1,157500.0,-0.046589,-0.038462,0,0
rest,1,157600.0,-0.050955,-0.040472,0,0
rest,1,157700.0,-0.049917,-0.054475,0,0
rest,1,157800.0,-0.043360,-0.051724,0,0
rest,1,157900.0,-0.049140,-0.065844,0,0
rest,1,158000.0,-0.045528,-0.040293,0,0
rest,1,158100.0,-0.049844,-0.039683,0,0
rest,1,158200.0,-0.047319,-0.049296,0,0
rest,1,158300.0,-0.050000,-0.041166,0,0
rest,1,158400.0,-0.046281,-0.039539,0,0
rest,1,158500.0,-0.052373,-0.042975,0,0
rest,1,158600.0,-0.052032,-0.043406,0,0
rest,1,158700.0,-0.042623,-0.038710,0,0
rest,1,158800.0,-0.047619,-0.065934,0,0
rest,1,158900.0,-0.046589,-0.042484,0,0
rest,1,159000.0,-0.044693,-0.028120,0,0
rest,1,159100.0,-0.043478,-0.089552,0,0
rest,1,159200.0,-0.057971,-0.048507,0,0
rest,1,159300.0,-0.061611,-0.059406,0,0
rest,1,159400.0,-0.040609,-0.059406,0,0
rest,1,159500.0,-0.045455,-0.032787,0,0
rest,1,159600.0,-0.036975,-0.039280,0,0
rest,1,159700.0,-0.035948,-0.043478,0,0
rest,1,159800.0,-0.049459,-0.038793,0,0
rest,1,159900.0,-0.040562,-0.046435,0,0
rest,1,160000.0,-0.040067,-0.074324,0,0
rest,1,160100.0,-0.043261,-0.077922,0,0
rest,1,160200.0,-0.044444,-0.045234,0,0
rest,1,160300.0,-0.051107,-0.044828,0,0
rest,1,160400.0,-0.049834,-0.047619,0,0
rest,1,160500.0,-0.046512,-0.041739,0,0
rest,1,160600.0,-0.045977,-0.040886,0,0
rest,1,160700.0,-0.041284,-0.057762,0,0
rest,1,160800.0,-0.040956,-0.045752,0,0
rest,1,160900.0,-0.039604,-0.053030,0,0
rest,1,161000.0,-0.050000,-0.047059,0,0
rest,1,161100.0,-0.043210,-0.040541,0,0
rest,1,161200.0,-0.046154,-0.041667,0,0
rest,1,161300.0,-0.036545,-0.047904,0,0
rest,1,161400.0,-0.052469,-0.040000,0,0
rest,1,161500.0,-0.052632,-0.048780,0,0
rest,1,161600.0,-0.050251,-0.035948,0,0
rest,1,161700.0,-0.053963,-0.040000,0,0
rest,1,161800.0,-0.053601,-0.039024,0,0
rest,1,161900.0,-0.050000,-0.042071,0,0
rest,1,162000.0,-0.049689,-0.040241,0,0
rest,1,162100.0,-0.052632,-0.047138,0,0
rest,1,162200.0,-0.046729,-0.049180,0,0
rest,1,162300.0,-0.043887,-0.048154,0,0
rest,1,162400.0,-0.050167,-0.046875,0,0
rest,1,162500.0,-0.047700,-0.043636,0,0
rest,1,162600.0,-0.052877,-0.050114,0,0
rest,1,162700.0,-0.055988,-0.047863,0,0
rest,1,162800.0,-0.052632,-0.054737,0,0
rest,1,162900.0,-0.051020,-0.039669,0,0
rest,1,163000.0,-0.045902,-0.039669,0,0
rest,1,163100.0,-0.039024,-0.048193,0,0
rest,1,163200.0,-0.044304,-0.044597,0,0
rest,1,163300.0,-0.047096,-0.051282,0,0
rest,1,163400.0,-0.040625,-0.028455,0,0
rest,1,163500.0,-0.036975,-0.046018,0,0
rest,1,163600.0,-0.047170,-0.042463,0,0
rest,1,163700.0,-0.050251,-0.044143,0,0
rest,1,163800.0,-0.045307,-0.038585,0,0
rest,1,163900.0,-0.050822,-0.038462,0,0
rest,1,164000.0,-0.046948,-0.046980,0,0
rest,1,164100.0,-0.041009,-0.040881,0,0
rest,1,164200.0,-0.046512,-0.025751,0,0
rest,1,164300.0,-0.046512,-0.041074,0,0
rest,1,164400.0,-0.050874,-0.046512,0,0
rest,1,164500.0,-0.041595,-0.048583,0,0
rest,1,164600.0,-0.049423,-0.048110,0,0
rest,1,164700.0,-0.038772,-0.046358,0,0
rest,1,164800.0,-0.047393,-0.039669,0,0
rest,1,164900.0,-0.043845,-0.042484,0,0
rest,1,165000.0,-0.044025,-0.055437,0,0
rest,1,165100.0,-0.050874,-0.038986,0,0
rest,1,165200.0,-0.049307,-0.043046,0,0
rest,1,165300.0,-0.046281,-0.037288,0,0
rest,1,165400.0,-0.047393,-0.051948,0,0
rest,1,165500.0,-0.044234,-0.045603,0,0
rest,1,165600.0,-0.045752,-0.038136,0,0
rest,1,165700.0,-0.057522,-0.039120,0,0
rest,1,165800.0,-0.044597,-0.076628,0,0
rest,1,165900.0,-0.043406,-0.047722,0,0
rest,1,166000.0,-0.042139,-0.059197,0,0
rest,1,166100.0,-0.043261,-0.044800,0,0
rest,1,166200.0,-0.045369,-0.052980,0,0
rest,1,166300.0,-0.043956,-0.038035,0,0
rest,1,166400.0,-0.047700,-0.038278,0,0
rest,1,166500.0,-0.042683,-0.049180,0,0
rest,1,166600.0,-0.044094,-0.050955,0,0
rest,1,166700.0,-0.055319,-0.048544,0,0
rest,1,166800.0,-0.048780,-0.046440,0,0
rest,1,166900.0,-0.044444,-0.045732,0,0
rest,1,167000.0,-0.050676,-0.063492,0,0
rest,1,167100.0,-0.044025,-0.037855,0,0
rest,1,167200.0,-0.042484,-0.046225,0,0
rest,1,167300.0,-0.043143,-0.040945,0,0
rest,1,167400.0,-0.039735,-0.042763,0,0
rest,1,167500.0,-0.040945,-0.048701,0,0
rest,1,167600.0,-0.045234,-0.026667,0,0
rest,1,167700.0,-0.046589,-0.035599,0,0
rest,1,167800.0,-0.044094,-0.044164,0,0
rest,1,167900.0,-0.048443,-0.043551,0,0
rest,1,168000.0,-0.047059,-0.045061,0,0
rest,1,168100.0,-0.043210,-0.038835,0,0
rest,1,168200.0,-0.038647,-0.046823,0,0
rest,1,168300.0,-0.042763,-0.031796,0,0
rest,1,168400.0,-0.042424,-0.045802,0,0
rest,1,168500.0,-0.043011,-0.046875,0,0
rest,1,168600.0,-0.044094,-0.037618,0,0
rest,1,168700.0,-0.042489,-0.038980,0,0
rest,1,168800.0,-0.034591,-0.041139,0,0
rest,1,168900.0,-0.036364,-0.043189,0,0
rest,1,169000.0,-0.038864,-0.042276,0,0
rest,1,169100.0,-0.039334,-0.038690,0,0
rest,1,169200.0,-0.037500,-0.043077,0,0
rest,1,169300.0,-0.040062,-0.041854,0,0
rest,1,169400.0,-0.042879,-0.051107,0,0
rest,1,169500.0,-0.039695,-0.045455,0,0
rest,1,169600.0,-0.044025,-0.047393,0,0
rest,1,169700.0,-0.043277,-0.044248,0,0
rest,1,169800.0,-0.041401,-0.044978,0,0
rest,1,169900.0,-0.043478,-0.046948,0,0
rest,1,170000.0,-0.043624,-0.049645,0,0
rest,1,170100.0,-0.042105,-0.044800,0,0
rest,1,170200.0,-0.039755,-0.032641,0,0
rest,1,170300.0,-0.035889,-0.037175,0,0
rest,1,170400.0,-0.039334,-0.036474,0,0
rest,1,170500.0,-0.042296,-0.038292,0,0
rest,1,170600.0,-0.042414,-0.063830,0,0
rest,1,170700.0,-0.041335,-0.039816,0,0
rest,1,170800.0,-0.042813,-0.041467,0,0
rest,1,170900.0,-0.041298,-0.038647,0,0
rest,1,171000.0,-0.042553,-0.041729,0,0
rest,1,171100.0,-0.042042,-0.041237,0,0
rest,1,171200.0,-0.039634,-0.039039,0,0
rest,1,171300.0,-0.051414,-0.043243,0,0
rest,1,171400.0,-0.038292,-0.045181,0,0
rest,1,171500.0,-0.044444,-0.044234,0,0
rest,1,171600.0,-0.048193,-0.042705,0,0
rest,1,171700.0,-0.042328,-0.057279,0,0
rest,1,171800.0,-0.039669,-0.052133,0,0
rest,1,171900.0,-0.043143,-0.041916,0,0
rest,1,172000.0,-0.040881,-0.041176,0,0
rest,1,172100.0,-0.042424,-0.042105,0,0
rest,1,172200.0,-0.042424,-0.039146,0,0
rest,1,172300.0,-0.037037,-0.041801,0,0
rest,1,172400.0,-0.036980,-0.041420,0,0
rest,1,172500.0,-0.037559,-0.043860,0,0
rest,1,172600.0,-0.039816,-0.044118,0,0
rest,1,172700.0,-0.039574,-0.046948,0,0
rest,1,172800.0,-0.039275,-0.042748,0,0
rest,1,172900.0,-0.040248,-0.044872,0,0
rest,1,173000.0,-0.043956,-0.048465,0,0
rest,1,173100.0,-0.041116,-0.049342,0,0
rest,1,173200.0,-0.038633,-0.049020,0,0
rest,1,173300.0,-0.041667,-0.048027,0,0
rest,1,173400.0,-0.043956,-0.045902,0,0
rest,1,173500.0,-0.038576,-0.045016,0,0
rest,1,173600.0,-0.043344,-0.045732,0,0
rest,1,173700.0,-0.033283,-0.041734,0,0
rest,1,173800.0,-0.039574,-0.038095,0,0
rest,1,173900.0,-0.042618,-0.040000,0,0
rest,1,174000.0,-0.043011,-0.044800,0,0
rest,1,174100.0,-0.044843,-0.045455,0,0
rest,1,174200.0,-0.042553,-0.046921,0,0
rest,1,174300.0,-0.043924,-0.047244,0,0
rest,1,174400.0,-0.039088,-0.047198,0,0
rest,1,174500.0,-0.042042,-0.045089,0,0
rest,1,174600.0,-0.045942,-0.044944,0,0
rest,1,174700.0,-0.043210,-0.044776,0,0
rest,1,174800.0,-0.040000,-0.035032,0,0
rest,1,174900.0,-0.045113,-0.041420,0,0
rest,1,175000.0,-0.047244,-0.037383,0,0
rest,1,175100.0,-0.046440,-0.041481,0,0
rest,1,175200.0,-0.045593,-0.044944,0,0
rest,1,175300.0,-0.042232,-0.038576,0,0
rest,1,175400.0,-0.044094,-0.040625,0,0
rest,1,175500.0,-0.039877,-0.039007,0,0
rest,1,175600.0,-0.045249,-0.047170,0,0
rest,1,175700.0,-0.045662,-0.044657,0,0
rest,1,175800.0,-0.038690,-0.040945,0,0
rest,1,175900.0,-0.039933,-0.045942,0,0
rest,1,176000.0,-0.038922,-0.045113,0,0
rest,1,176100.0,-0.042489,-0.044025,0,0
rest,1,176200.0,-0.040996,-0.044234,0,0
rest,1,176300.0,-0.042232,-0.044183,0,0
rest,1,176400.0,-0.040996,-0.036585,0,0
rest,1,176500.0,-0.047700,-0.042623,0,0
rest,1,176600.0,-0.045386,-0.038710,0,0
rest,1,176700.0,-0.044248,-0.050633,0,0
rest,1,176800.0,-0.037915,-0.047544,0,0
rest,1,176900.0,-0.042618,-0.047128,0,0
rest,1,177000.0,-0.040185,-0.047337,0,0
rest,1,177100.0,-0.040000,-0.044234,0,0
rest,1,177200.0,-0.043344,-0.044118,0,0
rest,1,177300.0,-0.044234,-0.043551,0,0
rest,1,177400.0,-0.042879,-0.045902,0,0
rest,1,177500.0,-0.036913,-0.029091,0,0
rest,1,177600.0,-0.042813,-0.032051,0,0
rest,1,177700.0,-0.038898,-0.056604,0,0
rest,1,177800.0,-0.042232,-0.044234,0,0
rest,1,177900.0,-0.044586,-0.048154,0,0
rest,1,178000.0,-0.047022,-0.044515,0,0
rest,1,178100.0,-0.042683,-0.047782,0,0
rest,1,178200.0,-0.045802,-0.043189,0,0
rest,1,178300.0,-0.038348,-0.051282,0,0
rest,1,178400.0,-0.037094,-0.043697,0,0
rest,1,178500.0,-0.030534,-0.034188,0,0
rest,1,178600.0,-0.036585,-0.040816,0,0
rest,1,178700.0,-0.040689,-0.038585,0,0
rest,1,178800.0,-0.035191,-0.041176,0,0
rest,1,178900.0,-0.044218,-0.041868,0,0
rest,1,179000.0,-0.044293,-0.035313,0,0
rest,1,179100.0,-0.038394,-0.043614,0,0
rest,1,179200.0,-0.044905,-0.044828,0,0
rest,1,179300.0,-0.044068,-0.030050,0,0
rest,1,179400.0,-0.037559,-0.038035,0,0
rest,1,179500.0,-0.032641,-0.039755,0,0
rest,1,179600.0,-0.039755,-0.034646,0,0
rest,1,179700.0,-0.038519,-0.041009,0,0
rest,1,179800.0,-0.038462,-0.035427,0,0
rest,1,179900.0,-0.038576,-0.044234,0,0
rest,1,180000.0,-0.044293,-0.043551,0,0
rest,1,180100.0,-0.036585,-0.044657,0,0
rest,1,180200.0,-0.039574,-0.038217,0,0
rest,1,180300.0,-0.035714,-0.042208,0,0
rest,1,180400.0,-0.038690,-0.032949,0,0
rest,1,180500.0,-0.043697,-0.032841,0,0
rest,1,180600.0,-0.037152,-0.035656,0,0
rest,1,180700.0,-0.040678,-0.042403,0,0
rest,1,180800.0,-0.041467,-0.042644,0,0
rest,1,180900.0,-0.041379,-0.035778,0,0
rest,1,181000.0,-0.041451,-0.034602,0,0
rest,1,181100.0,-0.039216,-0.038095,0,0
rest,1,181200.0,-0.036641,-0.041335,0,0
rest,1,181300.0,-0.039275,-0.043478,0,0
rest,1,181400.0,-0.034537,-0.043919,0,0
rest,1,181500.0,-0.035874,-0.038961,0,0
rest,1,181600.0,-0.039877,-0.041401,0,0
rest,1,181700.0,-0.040435,-0.040609,0,0
rest,1,181800.0,-0.038806,-0.044374,0,0
rest,1,181900.0,-0.039634,-0.045113,0,0
rest,1,182000.0,-0.038194,-0.058824,0,0
rest,1,182100.0,-0.037855,-0.044037,0,0
rest,1,182200.0,-0.041543,-0.045089,0,0
rest,1,182300.0,-0.042763,-0.042345,0,0
rest,1,182400.0,-0.039816,-0.038217,0,0
rest,1,182500.0,-0.039816,-0.041074,0,0
rest,1,182600.0,-0.034321,-0.041739,0,0
rest,1,182700.0,-0.042813,-0.043750,0,0
rest,1,182800.0,-0.044218,-0.038035,0,0
rest,1,182900.0,-0.036697,-0.037152,0,0
rest,1,183000.0,-0.044218,-0.041335,0,0
rest,1,183100.0,-0.039427,-0.044199,0,0
rest,1,183200.0,-0.048951,-0.037677,0,0
rest,1,183300.0,-0.037479,-0.037736,0,0
rest,1,183400.0,-0.047377,-0.038647,0,0
rest,1,183500.0,-0.046512,-0.039669,0,0
rest,1,183600.0,-0.048359,-0.048000,0,0
rest,1,183700.0,-0.033742,-0.034921,0,0
rest,1,183800.0,-0.041359,-0.034646,0,0
rest,1,183900.0,-0.041359,-0.036866,0,0
rest,1,184000.0,-0.039280,-0.041074,0,0
rest,1,184100.0,-0.042553,-0.042813,0,0
rest,1,184200.0,-0.042683,-0.042945,0,0
rest,1,184300.0,-0.046656,-0.040562,0,0
rest,1,184400.0,-0.044248,-0.040689,0,0
rest,1,184500.0,-0.044248,-0.039634,0,0
rest,1,184600.0,-0.042618,-0.042683,0,0
rest,1,184700.0,-0.043478,-0.039695,0,0
rest,1,184800.0,-0.045113,-0.038806,0,0
rest,1,184900.0,-0.040562,-0.037037,0,0
rest,1,185000.0,-0.042553,-0.039816,0,0
rest,1,185100.0,-0.042748,-0.041979,0,0
rest,1,185200.0,-0.039334,-0.041056,0,0
rest,1,185300.0,-0.039157,-0.033794,0,0
rest,1,185400.0,-0.039454,-0.038647,0,0
rest,1,185500.0,-0.032353,-0.035608,0,0
rest,1,185600.0,-0.038067,-0.035556,0,0
rest,1,185700.0,-0.038519,-0.035346,0,0
rest,1,185800.0,-0.041359,-0.041116,0,0
rest,1,185900.0,-0.041854,-0.040996,0,0
rest,1,186000.0,-0.044248,-0.043697,0,0
rest,1,186100.0,-0.043682,-0.041237,0,0
rest,1,186200.0,-0.045249,-0.041009,0,0
rest,1,186300.0,-0.039275,-0.038067,0,0
rest,1,186400.0,-0.030257,-0.037209,0,0
rest,1,186500.0,-0.042105,-0.038067,0,0
rest,1,186600.0,-0.042424,-0.036036,0,0
rest,1,186700.0,-0.041935,-0.039574,0,0
rest,1,186800.0,-0.046296,-0.036474,0,0
rest,1,186900.0,-0.045045,-0.039454,0,0
rest,1,187000.0,-0.039334,-0.038179,0,0
rest,1,187100.0,-0.038922,-0.035294,0,0
rest,1,187200.0,-0.044657,-0.039695,0,0
rest,1,187300.0,-0.042553,-0.041056,0,0
rest,1,187400.0,-0.044776,-0.035294,0,0
rest,1,187500.0,-0.044978,-0.039454,0,0
rest,1,187600.0,-0.047468,-0.033435,0,0
rest,1,187700.0,-0.038348,-0.030441,0,0
rest,1,187800.0,-0.044577,-0.033384,0,0
rest,1,187900.0,-0.044025,-0.030675,0,0
rest,1,188000.0,-0.044910,-0.032353,0,0
rest,1,188100.0,-0.046296,-0.027778,0,0
rest,1,188200.0,-0.042360,-0.029851,0,0
rest,1,188300.0,-0.038235,-0.030075,0,0
rest,1,188400.0,-0.042232,-0.032593,0,0
rest,1,188500.0,-0.036697,-0.035370,0,0
rest,1,188600.0,-0.041359,-0.035661,0,0
rest,1,188700.0,-0.045045,-0.035088,0,0
rest,1,188800.0,-0.036474,-0.035242,0,0
rest,1,188900.0,-0.044183,-0.037956,0,0
rest,1,189000.0,-0.045662,-0.033283,0,0
rest,1,189100.0,-0.047022,-0.036530,0,0
rest,1,189200.0,-0.042618,-0.029542,0,0
rest,1,189300.0,-0.045455,-0.029674,0,0
rest,1,189400.0,-0.045317,-0.039098,0,0
rest,1,189500.0,-0.045662,-0.038235,0,0
rest,1,189600.0,-0.040945,-0.038980,0,0
rest,1,189700.0,-0.039275,-0.031201,0,0
rest,1,189800.0,-0.039098,-0.036641,0,0
rest,1,189900.0,-0.043277,-0.039634,0,0
rest,1,190000.0,-0.042424,-0.038123,0,0
rest,1,190100.0,-0.045977,-0.039098,0,0
rest,1,190200.0,-0.042975,-0.034810,0,0
rest,1,190300.0,-0.037209,-0.035982,0,0
rest,1,190400.0,-0.042618,-0.035928,0,0
rest,1,190500.0,-0.039514,-0.038235,0,0
rest,1,190600.0,-0.045161,-0.041270,0,0
rest,1,190700.0,-0.039695,-0.035982,0,0
rest,1,190800.0,-0.044234,-0.036545,0,0
rest,1,190900.0,-0.044183,-0.038348,0,0
rest,1,191000.0,-0.045181,-0.035346,0,0
rest,1,191100.0,-0.044183,-0.036641,0,0
rest,1,191200.0,-0.041298,-0.035661,0,0
rest,1,191300.0,-0.036923,-0.040404,0,0
rest,1,191400.0,-0.042945,-0.035088,0,0
rest,1,191500.0,-0.045732,-0.035144,0,0
rest,1,191600.0,-0.041298,-0.035714,0,0
rest,1,191700.0,-0.045524,-0.035661,0,0
rest,1,191800.0,-0.042296,-0.034755,0,0
rest,1,191900.0,-0.045181,-0.035200,0,0
rest,1,192000.0,-0.042748,-0.037094,0,0
rest,1,192100.0,-0.047059,-0.034810,0,0
rest,1,192200.0,-0.046990,-0.039216,0,0
rest,1,192300.0,-0.049536,-0.035889,0,0
rest,1,192400.0,-0.047267,-0.033083,0,0
rest,1,192500.0,-0.049231,-0.037618,0,0
rest,1,192600.0,-0.047059,-0.038179,0,0
rest,1,192700.0,-0.035661,-0.039695,0,0
rest,1,192800.0,-0.041481,-0.035346,0,0
rest,1,192900.0,-0.041298,-0.036364,0,0
rest,1,193000.0,-0.045198,-0.043993,0,0
rest,1,193100.0,-0.047128,-0.033283,0,0
rest,1,193200.0,-0.047478,-0.039514,0,0
rest,1,193300.0,-0.044510,-0.037325,0,0
rest,1,193400.0,-0.047128,-0.035398,0,0
rest,1,193500.0,-0.047128,-0.032496,0,0
rest,1,193600.0,-0.047128,-0.034375,0,0
rest,1,193700.0,-0.045902,-0.041308,0,0
rest,1,193800.0,-0.047267,-0.039454,0,0
rest,1,193900.0,-0.038348,-0.039216,0,0
rest,1,194000.0,-0.039454,-0.039216,0,0
rest,1,194100.0,-0.038633,-0.033384,0,0
rest,1,194200.0,-0.044379,-0.034215,0,0
rest,1,194300.0,-0.038980,-0.036090,0,0
rest,1,194400.0,-0.045234,-0.036199,0,0
rest,1,194500.0,-0.046296,-0.042345,0,0
rest,1,194600.0,-0.044248,-0.039039,0,0
rest,1,194700.0,-0.044510,-0.029985,0,0
rest,1,194800.0,-0.038633,-0.039098,0,0
rest,1,194900.0,-0.041298,-0.038405,0,0
rest,1,195000.0,-0.041420,-0.039039,0,0
rest,1,195100.0,-0.044183,-0.032401,0,0
rest,1,195200.0,-0.039514,-0.030303,0,0
rest,1,195300.0,-0.044657,-0.034921,0,0
rest,1,195400.0,-0.044800,-0.039939,0,0
rest,1,195500.0,-0.039039,-0.039574,0,0
rest,1,195600.0,-0.041916,-0.039454,0,0
rest,1,195700.0,-0.044828,-0.039574,0,0
rest,1,195800.0,-0.042945,-0.039334,0,0
rest,1,195900.0,-0.034755,-0.041009,0,0
rest,1,196000.0,-0.046012,-0.039454,0,0
rest,1,196100.0,-0.046745,-0.032258,0,0
rest,1,196200.0,-0.043077,-0.038278,0,0
rest,1,196300.0,-0.042879,-0.039514,0,0
rest,1,196400.0,-0.044444,-0.042042,0,0
rest,1,196500.0,-0.046368,-0.038156,0,0
rest,1,196600.0,-0.041605,-0.038980,0,0
rest,1,196700.0,-0.029412,-0.028617,0,0
rest,1,196800.0,-0.043077,-0.040185,0,0
rest,1,196900.0,-0.039454,-0.033794,0,0
rest,1,197000.0,-0.039634,-0.042414,0,0
rest,1,197100.0,-0.041667,-0.030303,0,0
rest,1,197200.0,-0.045089,-0.042683,0,0
rest,1,197300.0,-0.041401,-0.041667,0,0
rest,1,197400.0,-0.042553,-0.041729,0,0
rest,1,197500.0,-0.041667,-0.036036,0,0
rest,1,197600.0,-0.037415,-0.037190,0,0
rest,1,197700.0,-0.044510,-0.030257,0,0
rest,1,197800.0,-0.041139,-0.039816,0,0
rest,1,197900.0,-0.043478,-0.043614,0,0
rest,1,198000.0,-0.034755,-0.038772,0,0
rest,1,198100.0,-0.041359,-0.039098,0,0
rest,1,198200.0,-0.042748,-0.040609,0,0
rest,1,198300.0,-0.047619,-0.044068,0,0
rest,1,198400.0,-0.042553,-0.039634,0,0
rest,1,198500.0,-0.045942,-0.041139,0,0
rest,1,198600.0,-0.044709,-0.040248,0,0
rest,1,198700.0,-0.046802,-0.034003,0,0
rest,1,198800.0,-0.034537,-0.039098,0,0
rest,1,198900.0,-0.046512,-0.040590,0,0
rest,1,199000.0,-0.042489,-0.041979,0,0
rest,1,199100.0,-0.037618,-0.037094,0,0
rest,1,199200.0,-0.039695,-0.045161,0,0
rest,1,199300.0,-0.030395,-0.037094,0,0
rest,1,199400.0,-0.039334,-0.037037,0,0
rest,1,199500.0,-0.042232,-0.031746,0,0
rest,1,199600.0,-0.047847,-0.042553,0,0
rest,1,199700.0,-0.043697,-0.043697,0,0
rest,1,199800.0,-0.046435,-0.041335,0,0
rest,1,199900.0,-0.048465,-0.042553,0,0
rest,1,200000.0,-0.047022,-0.039039,0,0
pulse,1,200100.0,0.015456,-0.020797,17,6
pulse,1,200200.0,0.045455,-0.012638,32,8
pulse,1,200300.0,0.044095,-0.015601,32,9
pulse,1,200400.0,0.015674,-0.018045,25,8
pulse,1,200500.0,-0.006182,-0.025357,20,6
pulse,1,200600.0,0.009479,-0.029032,24,6
pulse,1,200700.0,0.012924,-0.021672,27,8
pulse,1,200800.0,0.021807,-0.018692,29,9
pulse,1,200900.0,0.021605,-0.017452,31,10
pulse,1,201000.0,0.019078,-0.029703,31,9
pulse,1,201100.0,0.017937,-0.021407,30,8
pulse,1,201200.0,0.019802,-0.024133,29,7
pulse,1,201300.0,0.010830,-0.027451,29,7
pulse,1,201400.0,0.016367,-0.018927,29,8
pulse,1,201500.0,0.024341,-0.023715,31,9
pulse,1,201600.0,0.021180,-0.018127,31,8
pulse,1,201700.0,0.015060,-0.026906,30,6
pulse,1,201800.0,0.012945,-0.018083,30,7
pulse,1,201900.0,0.013889,-0.015699,31,10
pulse,1,202000.0,0.018018,-0.012461,33,11
pulse,1,202100.0,0.022364,-0.018127,34,10
pulse,1,202200.0,0.015674,-0.018692,32,10
pulse,1,202300.0,0.020134,-0.027778,32,7
pulse,1,202400.0,0.012539,-0.030354,32,7
pulse,1,202500.0,0.018018,-0.015198,34,11
pulse,1,202600.0,0.021773,-0.015060,35,11
pulse,1,202700.0,0.023599,-0.017699,35,11
pulse,1,202800.0,0.020498,-0.024353,34,9
pulse,1,202900.0,0.021212,-0.023810,34,9
pulse,1,203000.0,0.021277,-0.020067,34,10
pulse,1,203100.0,0.019139,-0.013223,35,11
pulse,1,203200.0,0.028011,-0.061224,36,10
pulse,1,203300.0,0.021572,-0.018293,37,12
pulse,1,203400.0,0.027548,-0.041841,36,12
pulse,1,203500.0,0.015314,-0.024768,36,9
pulse,1,203600.0,0.019933,-0.018462,39,10
pulse,1,203700.0,0.027692,-0.021212,42,9
pulse,1,203800.0,0.018868,-0.018809,40,9
pulse,1,203900.0,0.021875,-0.022293,41,9
pulse,1,204000.0,0.021407,-0.024961,41,10
pulse,1,204100.0,0.015385,-0.022187,40,11
pulse,1,204200.0,0.018692,-0.012759,41,13
pulse,1,204300.0,0.016313,-0.019324,41,12
pulse,1,204400.0,0.023222,-0.018265,42,10
pulse,1,204500.0,0.016750,-0.028120,41,9
pulse,1,204600.0,0.012442,-0.025276,40,9
pulse,1,204700.0,0.016892,-0.021277,40,11
pulse,1,204800.0,0.021277,-0.012780,41,13
pulse,1,204900.0,0.014260,-0.016563,42,14
pulse,1,205000.0,0.021773,-0.020478,44,13
pulse,1,205100.0,0.021909,-0.024653,44,12
pulse,1,205200.0,0.017831,-0.020864,42,13
pulse,1,205300.0,0.014837,-0.021180,42,13
pulse,1,205400.0,0.020802,-0.021705,43,12
pulse,1,205500.0,0.017986,-0.027491,43,12
pulse,1,205600.0,0.017937,-0.015528,43,16
pulse,1,205700.0,0.020528,-0.018868,43,15
pulse,1,205800.0,0.018182,-0.023810,43,13
pulse,1,205900.0,0.018490,-0.019737,43,14
pulse,1,206000.0,0.016103,-0.028846,43,14
pulse,1,206100.0,0.020468,-0.021309,43,13
pulse,1,206200.0,0.021021,-0.019108,43,13
pulse,1,206300.0,0.014010,-0.020690,42,15
pulse,1,206400.0,0.011976,-0.018072,43,15
pulse,1,206500.0,0.020833,-0.026432,44,14
pulse,1,206600.0,0.017937,-0.023881,43,13
pulse,1,206700.0,0.012346,-0.026016,42,14
pulse,1,206800.0,0.016129,-0.023141,43,14
pulse,1,206900.0,0.021053,-0.018182,43,14
pulse,1,207000.0,0.020528,-0.020958,43,13
pulse,1,207100.0,0.020408,-0.020895,43,14
pulse,1,207200.0,0.017442,-0.021084,42,14
pulse,1,207300.0,0.020833,-0.020990,43,14
pulse,1,207400.0,0.021705,-0.015798,44,14
pulse,1,207500.0,0.015975,-0.017825,43,13
pulse,1,207600.0,0.020772,-0.018293,43,13
pulse,1,207700.0,0.015723,-0.022152,42,13
pulse,1,207800.0,0.013029,-0.046083,41,13
pulse,1,207900.0,0.014948,-0.018547,42,15
pulse,1,208000.0,0.018433,-0.015576,45,15
pulse,1,208100.0,0.023290,-0.027565,46,13
pulse,1,208200.0,0.018809,-0.023932,46,16
pulse,1,208300.0,0.020261,-0.020588,46,15
pulse,1,208400.0,0.019048,-0.018547,46,14
pulse,1,208500.0,0.018433,-0.021605,46,14
pulse,1,208600.0,0.016000,-0.026403,46,12
pulse,1,208700.0,0.013289,-0.038835,46,12
pulse,1,208800.0,0.013115,-0.020000,46,13
pulse,1,208900.0,0.020989,-0.021021,47,14
pulse,1,209000.0,0.011662,-0.018100,47,15
pulse,1,209100.0,0.014728,-0.021978,48,14
pulse,1,209200.0,0.024540,-0.018547,51,15
pulse,1,209300.0,0.020895,-0.025078,51,13
pulse,1,209400.0,0.015601,-0.019672,51,15
pulse,1,209500.0,0.018377,-0.018321,51,16
pulse,1,209600.0,0.020319,-0.018072,51,16
pulse,1,209700.0,0.016234,-0.012346,51,16
pulse,1,209800.0,0.017094,-0.033501,51,13
pulse,1,209900.0,0.020498,-0.023774,51,15
pulse,1,210000.0,0.018154,-0.015748,51,16
pulse,1,210100.0,0.020710,-0.021605,51,15
pulse,1,210200.0,0.018868,-0.025397,51,13
pulse,1,210300.0,0.016026,-0.030354,51,13
pulse,1,210400.0,0.015129,-0.020498,50,15
pulse,1,210500.0,0.018898,-0.012422,51,18
pulse,1,210600.0,0.021818,-0.022913,52,16
pulse,1,210700.0,0.020989,-0.023952,52,16
pulse,1,210800.0,0.022770,-0.021773,51,16
pulse,1,210900.0,0.019231,-0.017483,51,17
pulse,1,211000.0,0.016474,-0.015601,50,18
pulse,1,211100.0,0.015314,-0.020528,50,17
pulse,1,211200.0,0.018182,-0.023529,51,17
pulse,1,211300.0,0.020261,-0.020958,51,17
pulse,1,211400.0,0.015773,-0.018519,51,17
pulse,1,211500.0,0.020202,-0.021180,51,17
pulse,1,211600.0,0.018547,-0.019200,51,17
pulse,1,211700.0,0.017065,-0.022838,51,16
pulse,1,211800.0,0.020927,-0.026866,51,14
pulse,1,211900.0,0.020202,-0.018633,51,17
pulse,1,212000.0,0.018237,-0.017442,51,18
pulse,1,212100.0,0.015975,-0.022581,51,17
pulse,1,212200.0,0.020942,-0.021309,51,17
pulse,1,212300.0,0.017804,-0.023392,50,16
pulse,1,212400.0,0.020895,-0.024169,51,17
pulse,1,212500.0,0.020261,-0.024206,51,17
pulse,1,212600.0,0.018209,-0.018209,51,18
pulse,1,212700.0,0.018750,-0.018349,51,18
pulse,1,212800.0,0.019512,-0.022727,51,17
pulse,1,212900.0,0.019139,-0.021116,51,17
pulse,1,213000.0,0.020261,-0.020438,51,17
pulse,1,213100.0,0.018838,-0.009524,51,17
pulse,1,213200.0,0.023669,-0.018265,51,17
pulse,1,213300.0,0.020261,-0.015456,51,17
pulse,1,213400.0,0.018100,-0.021084,51,15
pulse,1,213500.0,0.015674,-0.021773,51,15
pulse,1,213600.0,0.015198,-0.024922,51,15
pulse,1,213700.0,0.015650,-0.019449,50,17
pulse,1,213800.0,0.015650,-0.021084,50,17
pulse,1,213900.0,0.018809,-0.018072,51,17
pulse,1,214000.0,0.021309,-0.021309,51,16
pulse,1,214100.0,0.014441,-0.025039,49,14
pulse,1,214200.0,0.025316,-0.021309,52,16
pulse,1,214300.0,0.024518,-0.024390,52,17
pulse,1,214400.0,0.020202,-0.015015,50,18
pulse,1,214500.0,0.026534,-0.021638,52,18
pulse,1,214600.0,0.016340,-0.019231,51,18
pulse,1,214700.0,0.018868,-0.021021,50,18
pulse,1,214800.0,0.017575,-0.025397,51,17
pulse,1,214900.0,0.023256,-0.026801,52,17
pulse,1,215000.0,0.022047,-0.021374,51,18
pulse,1,215100.0,0.016181,-0.019139,51,19
pulse,1,215200.0,0.027165,-0.019262,53,17
pulse,1,215300.0,0.021505,-0.067308,51,17
pulse,1,215400.0,0.020134,-0.019672,52,19
pulse,1,215500.0,0.016340,-0.015221,52,19
pulse,1,215600.0,0.024806,-0.021148,54,17
pulse,1,215700.0,0.023769,-0.021374,54,18
pulse,1,215800.0,0.022617,-0.017937,54,19
pulse,1,215900.0,0.017606,-0.016584,53,18
pulse,1,216000.0,0.019493,-0.026846,53,17
pulse,1,216100.0,0.016000,-0.021505,53,17
pulse,1,216200.0,0.018927,-0.020864,54,18
pulse,1,216300.0,0.024279,-0.012140,55,20
pulse,1,216400.0,0.019933,-0.021277,55,17
pulse,1,216500.0,0.016807,-0.023141,53,17
pulse,1,216600.0,0.017575,-0.027444,53,17
pulse,1,216700.0,0.023530,-0.023891,55,18
pulse,1,216800.0,0.020864,-0.012327,55,22
pulse,1,216900.0,0.023530,-0.015129,55,20
pulse,1,217000.0,0.019608,-0.024691,55,17
pulse,1,217100.0,0.019576,-0.021277,55,17
pulse,1,217200.0,0.020261,-0.020408,55,18
pulse,1,217300.0,0.018018,-0.015456,54,20
pulse,1,217400.0,0.022472,-0.018237,55,19
pulse,1,217500.0,0.019769,-0.022152,55,19
pulse,1,217600.0,0.022617,-0.017831,55,19
pulse,1,217700.0,0.020649,-0.020468,55,19
pulse,1,217800.0,0.018547,-0.021807,54,19
pulse,1,217900.0,0.019324,-0.022617,54,19
pulse,1,218000.0,0.025157,-0.019108,56,20
pulse,1,218100.0,0.023222,-0.017467,56,21
pulse,1,218200.0,0.023324,-0.023988,56,19
pulse,1,218300.0,0.012442,-0.023649,54,18
pulse,1,218400.0,0.011994,-0.021341,54,18
pulse,1,218500.0,0.017673,-0.027314,54,17
pulse,1,218600.0,0.015601,-0.016051,54,20
pulse,1,218700.0,0.019017,-0.022047,55,19
pulse,1,218800.0,0.018927,-0.021807,55,19
pulse,1,218900.0,0.020989,-0.019017,56,19
pulse,1,219000.0,0.020378,-0.021244,55,18
pulse,1,219100.0,0.016077,-0.029851,55,17
pulse,1,219200.0,0.020654,-0.018957,55,20
pulse,1,219300.0,0.020378,-0.017831,55,20
pulse,1,219400.0,0.020618,-0.017493,55,21
pulse,1,219500.0,0.015129,-0.018209,55,20
pulse,1,219600.0,0.021407,-0.020468,54,18
pulse,1,219700.0,0.017391,-0.023881,54,18
pulse,1,219800.0,0.015625,-0.018779,54,19
pulse,1,219900.0,0.013311,-0.015221,54,19
pulse,1,220000.0,0.017621,-0.017884,54,19
pulse,1,220100.0,0.019048,-0.022764,56,19
pulse,1,220200.0,0.023290,-0.020772,56,19
pulse,1,220300.0,0.018018,-0.021374,55,18
pulse,1,220400.0,0.012638,-0.020168,55,18
pulse,1,220500.0,0.020270,0.000000,55,19
pulse,1,220600.0,0.022654,-0.015823,55,21
pulse,1,220700.0,0.015038,-0.012140,54,21
pulse,1,220800.0,0.021909,-0.009868,55,21
pulse,1,220900.0,0.021505,-0.015015,55,21
pulse,1,221000.0,0.016129,-0.032310,55,18
pulse,1,221100.0,0.022544,-0.022989,55,17
pulse,1,221200.0,0.024518,-0.016447,55,22
pulse,1,221300.0,0.018045,-0.019672,54,21
pulse,1,221400.0,0.016155,-0.019078,55,20
pulse,1,221500.0,0.022293,-0.015848,57,20
pulse,1,221600.0,0.009360,-0.028481,53,18
pulse,1,221700.0,0.018127,-0.021739,55,20
pulse,1,221800.0,0.018100,-0.021841,55,20
pulse,1,221900.0,0.020468,-0.014903,55,21
pulse,1,222000.0,0.020618,-0.014815,55,21
pulse,1,222100.0,0.021841,-0.018927,55,19
pulse,1,222200.0,0.022152,-0.023217,55,19
pulse,1,222300.0,0.021440,-0.020679,55,19
pulse,1,222400.0,0.021505,-0.024806,55,19
pulse,1,222500.0,0.017544,-0.011976,55,21
pulse,1,222600.0,0.018182,-0.015504,55,20
pulse,1,222700.0,0.021739,-0.023810,55,18
pulse,1,222800.0,0.019048,-0.027950,55,18
pulse,1,222900.0,0.018898,-0.019480,54,20
pulse,1,223000.0,0.023333,-0.016529,55,21
pulse,1,223100.0,0.022654,-0.025000,55,20
pulse,1,223200.0,0.018605,-0.017857,55,20
pulse,1,223300.0,0.018721,-0.014598,55,19
pulse,1,223400.0,0.016103,-0.021807,54,19
pulse,1,223500.0,0.026622,-0.019108,56,20
pulse,1,223600.0,0.018692,-0.020927,56,20
pulse,1,223700.0,0.012599,-0.019078,54,21
pulse,1,223800.0,0.012759,-0.013491,54,21
pulse,1,223900.0,0.024922,-0.021841,56,19
pulse,1,224000.0,0.017094,-0.023026,55,20
pulse,1,224100.0,0.018293,-0.020679,54,20
pulse,1,224200.0,0.016000,-0.019262,55,20
pulse,1,224300.0,0.021374,-0.017884,55,19
pulse,1,224400.0,0.015504,-0.021053,55,18
pulse,1,224500.0,0.018433,-0.026786,55,17
pulse,1,224600.0,0.021773,-0.025118,55,17
pulse,1,224700.0,0.017751,-0.023564,55,18
pulse,1,224800.0,0.023634,-0.008982,57,21
pulse,1,224900.0,0.017751,-0.014925,55,20
pulse,1,225000.0,0.011799,-0.018987,55,20
rest,2,225100.0,0.017778,-0.014925,0,0
rest,2,225200.0,0.014771,-0.020649,0,0
rest,2,225300.0,0.011958,-0.023881,0,0
rest,2,225400.0,0.015480,-0.018377,0,0
rest,2,225500.0,0.015552,-0.024169,0,0
rest,2,225600.0,0.015290,-0.023988,0,0
rest,2,225700.0,0.011940,-0.024316,0,0
rest,2,225800.0,0.011905,-0.026627,0,0
rest,2,225900.0,0.011852,-0.022508,0,0
rest,2,226000.0,0.011834,-0.026510,0,0
rest,2,226100.0,0.012289,-0.028213,0,0
rest,2,226200.0,0.012820,-0.024729,0,0
rest,2,226300.0,0.012599,-0.025723,0,0
rest,2,226400.0,0.009063,-0.024883,0,0
rest,2,226500.0,0.012638,-0.022913,0,0
rest,2,226600.0,0.012759,-0.021807,0,0
rest,2,226700.0,0.013514,-0.026273,0,0
rest,2,226800.0,0.012966,-0.028213,0,0
rest,2,226900.0,0.008902,-0.025237,0,0
rest,2,227000.0,0.012214,-0.018605,0,0
rest,2,227100.0,0.008850,-0.022222,0,0
rest,2,227200.0,0.011923,-0.020895,0,0
rest,2,227300.0,0.012346,-0.018209,0,0
rest,2,227400.0,0.013223,-0.024806,0,0
rest,2,227500.0,0.010345,-0.032520,0,0
rest,2,227600.0,0.012759,-0.028617,0,0
rest,2,227700.0,0.009449,-0.027027,0,0
rest,2,227800.0,0.011887,-0.026432,0,0
rest,2,227900.0,0.009317,-0.023988,0,0
rest,2,228000.0,0.010545,-0.027356,0,0
rest,2,228100.0,0.009036,-0.027027,0,0
rest,2,228200.0,0.015699,-0.027439,0,0
rest,2,228300.0,0.012618,-0.024768,0,0
rest,2,228400.0,0.011834,-0.027735,0,0
rest,2,228500.0,0.017544,-0.028056,0,0
rest,2,228600.0,0.009901,-0.027607,0,0
rest,2,228700.0,0.012841,-0.022047,0,0
rest,2,228800.0,0.012599,-0.021116,0,0
rest,2,228900.0,0.012084,-0.021773,0,0
rest,2,229000.0,0.012140,-0.027778,0,0
rest,2,229100.0,0.009231,-0.024653,0,0
rest,2,229200.0,0.013072,-0.014760,0,0
rest,2,229300.0,0.012820,-0.022018,0,0
rest,2,229400.0,0.012140,-0.027735,0,0
rest,2,229500.0,0.012903,-0.024465,0,0
rest,2,229600.0,0.011765,-0.028037,0,0
rest,2,229700.0,0.013468,-0.031746,0,0
rest,2,229800.0,0.012365,-0.027730,0,0
rest,2,229900.0,0.011994,-0.024653,0,0
rest,2,230000.0,0.012084,-0.020906,0,0
rest,2,230100.0,0.009174,-0.018519,0,0
rest,2,230200.0,0.012270,-0.022989,0,0
rest,2,230300.0,0.012442,-0.022047,0,0
rest,2,230400.0,0.011628,-0.014210,0,0
rest,2,230500.0,0.012084,-0.023102,0,0
rest,2,230600.0,0.012903,-0.019324,0,0
rest,2,230700.0,0.012422,-0.016194,0,0
rest,2,230800.0,0.009539,-0.009434,0,0
rest,2,230900.0,0.012539,-0.019386,0,0
rest,2,231000.0,0.012048,-0.023451,0,0
rest,2,231100.0,0.009524,-0.021938,0,0
rest,2,231200.0,0.012327,-0.018868,0,0
rest,2,231300.0,0.012066,-0.026101,0,0
rest,2,231400.0,0.012599,-0.028169,0,0
rest,2,231500.0,0.007260,-0.018957,0,0
rest,2,231600.0,0.013051,-0.019418,0,0
rest,2,231700.0,0.013008,-0.022690,0,0
rest,2,231800.0,0.006483,-0.015823,0,0
rest,2,231900.0,0.012480,-0.022472,0,0
rest,2,232000.0,0.012579,-0.023609,0,0
rest,2,232100.0,0.012800,-0.025357,0,0
rest,2,232200.0,0.014184,-0.024896,0,0
rest,2,232300.0,0.012140,-0.021773,0,0
rest,2,232400.0,0.011747,-0.021807,0,0
rest,2,232500.0,0.006270,-0.019169,0,0
rest,2,232600.0,0.006612,-0.019048,0,0
rest,2,232700.0,0.012121,-0.021638,0,0
rest,2,232800.0,0.012232,-0.021016,0,0
rest,2,232900.0,0.009302,-0.022187,0,0
rest,2,233000.0,0.012739,-0.021739,0,0
rest,2,233100.0,0.009346,-0.024922,0,0
rest,2,233200.0,0.012084,-0.022544,0,0
rest,2,233300.0,0.012579,-0.024348,0,0
rest,2,233400.0,0.011994,-0.024729,0,0
rest,2,233500.0,0.012084,-0.021605,0,0
rest,2,233600.0,0.012882,-0.021572,0,0
rest,2,233700.0,0.006349,-0.020619,0,0
rest,2,233800.0,0.012779,-0.015699,0,0
rest,2,233900.0,0.013072,-0.025157,0,0
rest,2,234000.0,0.017204,-0.035242,0,0
rest,2,234100.0,0.013746,-0.025559,0,0
rest,2,234200.0,0.013962,-0.020339,0,0
rest,2,234300.0,0.011321,-0.022951,0,0
rest,2,234400.0,0.014953,-0.038647,0,0
rest,2,234500.0,0.012500,-0.022472,0,0
rest,2,234600.0,0.006612,-0.019480,0,0
rest,2,234700.0,0.013423,-0.022544,0,0
rest,2,234800.0,0.012365,-0.024390,0,0
rest,2,234900.0,0.012559,-0.022764,0,0
rest,2,235000.0,0.012559,-0.009709,0,0
rest,2,235100.0,0.012559,-0.016260,0,0
rest,2,235200.0,0.018223,-0.016064,0,0
rest,2,235300.0,0.012461,-0.019640,0,0
rest,2,235400.0,0.012862,-0.019324,0,0
rest,2,235500.0,0.012140,-0.020772,0,0
rest,2,235600.0,0.012559,-0.022400,0,0
rest,2,235700.0,0.012579,-0.022876,0,0
rest,2,235800.0,0.012599,-0.019293,0,0
rest,2,235900.0,0.013889,-0.035320,0,0
rest,2,236000.0,0.012618,-0.022654,0,0
rest,2,236100.0,0.012678,-0.026534,0,0
rest,2,236200.0,0.006098,-0.024691,0,0
rest,2,236300.0,0.012678,-0.022654,0,0
rest,2,236400.0,0.009631,-0.024502,0,0
rest,2,236500.0,0.009479,-0.023739,0,0
rest,2,236600.0,0.012539,-0.025237,0,0
rest,2,236700.0,0.008915,-0.023324,0,0
rest,2,236800.0,0.012103,-0.023845,0,0
rest,2,236900.0,0.012103,-0.020408,0,0
rest,2,237000.0,0.013267,-0.016447,0,0
rest,2,237100.0,0.006299,-0.016949,0,0
rest,2,237200.0,0.011713,-0.023121,0,0
rest,2,237300.0,0.011923,-0.020408,0,0
rest,2,237400.0,0.012779,-0.022617,0,0
rest,2,237500.0,0.012658,-0.020864,0,0
rest,2,237600.0,0.012559,-0.025437,0,0
rest,2,237700.0,0.011782,-0.023222,0,0
rest,2,237800.0,0.006557,-0.026549,0,0
rest,2,237900.0,0.012346,-0.026016,0,0
rest,2,238000.0,0.009077,-0.021244,0,0
rest,2,238100.0,0.012270,-0.018405,0,0
rest,2,238200.0,0.012520,-0.020408,0,0
rest,2,238300.0,0.011958,-0.023564,0,0
rest,2,238400.0,0.008955,-0.023988,0,0
rest,2,238500.0,0.012599,-0.026187,0,0
rest,2,238600.0,0.012520,-0.019480,0,0
rest,2,238700.0,0.011923,-0.021212,0,0
rest,2,238800.0,0.010563,-0.022152,0,0
rest,2,238900.0,0.012121,-0.020319,0,0
rest,2,239000.0,0.009188,-0.021116,0,0
rest,2,239100.0,0.012158,-0.023460,0,0
rest,2,239200.0,0.009036,-0.023290,0,0
rest,2,239300.0,0.012520,-0.023988,0,0
rest,2,239400.0,0.012442,-0.020498,0,0
rest,2,239500.0,0.011923,-0.024206,0,0
rest,2,239600.0,0.012289,-0.022913,0,0
rest,2,239700.0,0.012251,-0.018987,0,0
rest,2,239800.0,0.012520,-0.021116,0,0
rest,2,239900.0,0.012480,-0.020231,0,0
rest,2,240000.0,0.012442,-0.022838,0,0
rest,2,240100.0,0.012500,-0.024096,0,0
rest,2,240200.0,0.009885,-0.024961,0,0
rest,2,240300.0,0.009231,-0.021021,0,0
rest,2,240400.0,0.009804,-0.022801,0,0
rest,2,240500.0,0.012214,-0.021053,0,0
rest,2,240600.0,0.012903,-0.020649,0,0
rest,2,240700.0,0.012500,-0.019835,0,0
rest,2,240800.0,0.015564,-0.020802,0,0
rest,2,240900.0,0.009174,-0.020588,0,0
rest,2,241000.0,0.009646,-0.021053,0,0
rest,2,241100.0,0.010204,-0.022544,0,0
rest,2,241200.0,0.009724,-0.024353,0,0
rest,2,241300.0,0.008969,-0.020558,0,0
rest,2,241400.0,0.008982,-0.020833,0,0
rest,2,241500.0,0.009709,-0.016077,0,0
rest,2,241600.0,0.013378,-0.020290,0,0
rest,2,241700.0,0.009569,-0.024615,0,0
rest,2,241800.0,0.009434,-0.023188,0,0
rest,2,241900.0,0.009404,-0.019324,0,0
rest,2,242000.0,0.008915,-0.023088,0,0
rest,2,242100.0,0.009419,-0.027650,0,0
rest,2,242200.0,0.011407,-0.021148,0,0
rest,2,242300.0,0.012882,-0.023609,0,0
rest,2,242400.0,0.006483,-0.027778,0,0
rest,2,242500.0,0.006182,-0.023392,0,0
rest,2,242600.0,0.006042,-0.020319,0,0
rest,2,242700.0,0.006221,-0.023290,0,0
rest,2,242800.0,0.006349,-0.021148,0,0
rest,2,242900.0,0.002967,-0.023222,0,0
rest,2,243000.0,0.002976,-0.023290,0,0
rest,2,243100.0,0.003200,-0.029268,0,0
rest,2,243200.0,0.003165,-0.025357,0,0
rest,2,243300.0,0.003115,-0.023222,0,0
rest,2,243400.0,0.003017,-0.023155,0,0
rest,2,243500.0,0.003130,-0.025974,0,0
rest,2,243600.0,0.003125,-0.023704,0,0
rest,2,243700.0,0.003390,-0.027607,0,0
rest,2,243800.0,0.003460,-0.019608,0,0
rest,2,243900.0,0.003185,-0.026549,0,0
rest,2,244000.0,0.003170,-0.025974,0,0
rest,2,244100.0,0.003044,-0.023121,0,0
rest,2,244200.0,0.003082,-0.022187,0,0
rest,2,244300.0,0.003003,-0.026012,0,0
rest,2,244400.0,0.003072,-0.020290,0,0
rest,2,244500.0,0.002954,-0.023810,0,0
rest,2,244600.0,0.006400,-0.023064,0,0
rest,2,244700.0,0.003120,-0.025974,0,0
rest,2,244800.0,0.003650,-0.019017,0,0
rest,2,244900.0,0.003630,-0.020864,0,0
rest,2,245000.0,0.003802,-0.023988,0,0
rest,2,245100.0,0.003210,-0.025937,0,0
rest,2,245200.0,0.003049,-0.020408,0,0
rest,2,245300.0,0.003350,-0.018182,0,0
rest,2,245400.0,0.006483,-0.023155,0,0
rest,2,245500.0,0.003007,-0.023529,0,0
rest,2,245600.0,0.002941,-0.025974,0,0
rest,2,245700.0,0.003221,-0.023774,0,0
rest,2,245800.0,0.003200,-0.022581,0,0
rest,2,245900.0,0.003135,-0.023324,0,0
rest,2,246000.0,0.003478,-0.026012,0,0
rest,2,246100.0,0.003180,-0.026393,0,0
rest,2,246200.0,0.003273,-0.018182,0,0
rest,2,246300.0,0.003077,-0.025974,0,0
rest,2,246400.0,0.003413,-0.022047,0,0
rest,2,246500.0,0.002869,-0.026049,0,0
rest,2,246600.0,0.002976,-0.023460,0,0
rest,2,246700.0,0.002937,-0.020927,0,0
rest,2,246800.0,0.003226,-0.027190,0,0
rest,2,246900.0,0.003279,-0.025974,0,0
rest,2,247000.0,0.003091,-0.022047,0,0
rest,2,247100.0,0.002972,-0.024024,0,0
rest,2,247200.0,0.003216,-0.024465,0,0
rest,2,247300.0,0.002972,-0.023495,0,0
rest,2,247400.0,0.000000,-0.020478,0,0
rest,2,247500.0,0.003091,-0.025974,0,0
rest,2,247600.0,0.003155,-0.027231,0,0
rest,2,247700.0,0.000000,-0.029268,0,0
rest,2,247800.0,0.003236,-0.023952,0,0
rest,2,247900.0,0.003175,-0.021244,0,0
rest,2,248000.0,0.003195,-0.021605,0,0
rest,2,248100.0,0.003044,-0.023564,0,0
rest,2,248200.0,0.003003,-0.026087,0,0
rest,2,248300.0,0.002967,-0.026277,0,0
rest,2,248400.0,0.003135,-0.027875,0,0
rest,2,248500.0,0.003160,-0.025437,0,0
rest,2,248600.0,0.002928,-0.023155,0,0
rest,2,248700.0,0.003030,-0.020468,0,0
rest,2,248800.0,0.003040,-0.023599,0,0
rest,2,248900.0,0.003067,-0.025408,0,0
rest,2,249000.0,0.003295,-0.026354,0,0
rest,2,249100.0,0.002950,-0.027864,0,0
rest,2,249200.0,0.003017,-0.026588,0,0
rest,2,249300.0,0.003367,-0.026144,0,0
rest,2,249400.0,0.003226,-0.026510,0,0
rest,2,249500.0,0.003205,-0.023916,0,0
rest,2,249600.0,0.003448,-0.023217,0,0
rest,2,249700.0,0.003431,-0.028081,0,0
rest,2,249800.0,0.003509,-0.013093,0,0
rest,2,249900.0,0.003419,-0.018692,0,0
rest,2,250000.0,0.002981,-0.020772,0,0
rest,2,250100.0,0.003053,-0.025937,0,0
rest,2,250200.0,0.003003,-0.026163,0,0
rest,2,250300.0,0.003200,-0.021505,0,0
rest,2,250400.0,0.002967,-0.026627,0,0
rest,2,250500.0,0.003431,-0.023358,0,0
rest,2,250600.0,0.002972,-0.020833,0,0
rest,2,250700.0,0.002937,-0.026826,0,0
rest,2,250800.0,0.003058,-0.023392,0,0
rest,2,250900.0,0.002907,-0.018779,0,0
rest,2,251000.0,0.003012,-0.026201,0,0
rest,2,251100.0,0.003460,-0.027565,0,0
rest,2,251200.0,0.002924,-0.026393,0,0
rest,2,251300.0,0.003231,-0.021944,0,0
rest,2,251400.0,0.003150,-0.020990,0,0
rest,2,251500.0,0.002963,-0.024316,0,0
rest,2,251600.0,0.003007,-0.024206,0,0
rest,2,251700.0,0.005755,-0.020619,0,0
rest,2,251800.0,0.002915,-0.023358,0,0
rest,2,251900.0,0.003082,-0.026125,0,0
rest,2,252000.0,0.003044,-0.026239,0,0
rest,2,252100.0,0.002999,-0.026277,0,0
rest,2,252200.0,0.003150,-0.026087,0,0
rest,2,252300.0,0.003150,-0.023634,0,0
rest,2,252400.0,0.003145,-0.020710,0,0
rest,2,252500.0,0.003242,-0.021374,0,0
rest,2,252600.0,0.008000,-0.019011,0,0
rest,2,252700.0,0.002972,-0.018462,0,0
rest,2,252800.0,0.006515,-0.024615,0,0
rest,2,252900.0,0.003053,-0.020772,0,0
rest,2,253000.0,0.003339,-0.026906,0,0
rest,2,253100.0,0.002894,-0.023088,0,0
rest,2,253200.0,0.003425,-0.019608,0,0
rest,2,253300.0,0.003390,-0.047847,0,0
rest,2,253400.0,0.002865,-0.026354,0,0
rest,2,253500.0,0.003210,-0.028302,0,0
rest,2,253600.0,0.002928,-0.023599,0,0
rest,2,253700.0,0.006202,-0.027190,0,0
rest,2,253800.0,0.006144,-0.023324,0,0
rest,2,253900.0,0.003096,-0.024922,0,0
rest,2,254000.0,0.005935,-0.020378,0,0
rest,2,254100.0,0.003165,-0.020378,0,0
rest,2,254200.0,0.003044,-0.026201,0,0
rest,2,254300.0,0.007874,-0.014881,0,0
rest,2,254400.0,0.003026,-0.026549,0,0
rest,2,254500.0,0.003030,-0.029412,0,0
rest,2,254600.0,0.000000,-0.028169,0,0
rest,2,254700.0,0.003216,-0.030581,0,0
rest,2,254800.0,0.003053,-0.029197,0,0
rest,2,254900.0,0.000000,-0.030912,0,0
rest,2,255000.0,0.000000,-0.037736,0,0
rest,2,255100.0,0.000000,-0.023222,0,0
rest,2,255200.0,0.000000,-0.024615,0,0
rest,2,255300.0,0.000000,-0.027481,0,0
rest,2,255400.0,0.000000,-0.026826,0,0
rest,2,255500.0,0.000000,-0.028986,0,0
rest,2,255600.0,0.000000,-0.026125,0,0
rest,2,255700.0,0.003361,-0.037736,0,0
rest,2,255800.0,0.000000,-0.027108,0,0
rest,2,255900.0,0.004082,-0.028944,0,0
rest,2,256000.0,0.004444,-0.029718,0,0
rest,2,256100.0,0.000000,-0.028944,0,0
rest,2,256200.0,0.000000,-0.028986,0,0
rest,2,256300.0,0.003636,-0.032051,0,0
rest,2,256400.0,0.004032,-0.030488,0,0
rest,2,256500.0,0.000000,-0.023290,0,0
rest,2,256600.0,0.003546,-0.025890,0,0
rest,2,256700.0,0.003257,-0.020438,0,0
rest,2,256800.0,0.005979,-0.020498,0,0
rest,2,256900.0,0.000000,-0.024060,0,0
rest,2,257000.0,0.003130,-0.023155,0,0
rest,2,257100.0,0.000000,-0.024279,0,0
rest,2,257200.0,0.000000,-0.023704,0,0
rest,2,257300.0,0.000000,-0.028081,0,0
rest,2,257400.0,0.000000,-0.027778,0,0
rest,2,257500.0,0.003210,-0.026706,0,0
rest,2,257600.0,0.000000,-0.021374,0,0
rest,2,257700.0,0.003515,-0.024133,0,0
rest,2,257800.0,0.000000,-0.026125,0,0
rest,2,257900.0,-0.003145,-0.028257,0,0
rest,2,258000.0,-0.003175,-0.023290,0,0
rest,2,258100.0,0.000000,-0.026125,0,0
rest,2,258200.0,-0.003150,-0.020833,0,0
rest,2,258300.0,-0.002954,-0.023564,0,0
rest,2,258400.0,-0.003044,-0.023739,0,0
rest,2,258500.0,0.000000,-0.023810,0,0
rest,2,258600.0,-0.003063,-0.026163,0,0
rest,2,258700.0,-0.003035,-0.023290,0,0
rest,2,258800.0,-0.002946,-0.026393,0,0
rest,2,258900.0,-0.003120,-0.020772,0,0
rest,2,259000.0,-0.002941,-0.027027,0,0
rest,2,259100.0,-0.002959,-0.026163,0,0
rest,2,259200.0,0.000000,-0.026510,0,0
rest,2,259300.0,-0.003115,-0.023599,0,0
rest,2,259400.0,-0.003115,-0.020649,0,0
rest,2,259500.0,0.000000,-0.026471,0,0
rest,2,259600.0,-0.003082,-0.026239,0,0
rest,2,259700.0,-0.003175,-0.023290,0,0
rest,2,259800.0,-0.002937,-0.026201,0,0
rest,2,259900.0,-0.002946,-0.026239,0,0
rest,2,260000.0,-0.003026,-0.026277,0,0
rest,2,260100.0,-0.003026,-0.023634,0,0
rest,2,260200.0,-0.002890,-0.026866,0,0
rest,2,260300.0,-0.003289,-0.023529,0,0
rest,2,260400.0,-0.005926,-0.024922,0,0
rest,2,260500.0,-0.006380,-0.026239,0,0
rest,2,260600.0,-0.003145,-0.023495,0,0
rest,2,260700.0,-0.003101,-0.019737,0,0
rest,2,260800.0,-0.005900,-0.021407,0,0
rest,2,260900.0,-0.006260,-0.027607,0,0
rest,2,261000.0,-0.006163,-0.021244,0,0
rest,2,261100.0,-0.006051,-0.023358,0,0
rest,2,261200.0,-0.005739,-0.021605,0,0
rest,2,261300.0,-0.005706,-0.026432,0,0
rest,2,261400.0,-0.006211,-0.023290,0,0
rest,2,261500.0,-0.002959,-0.020349,0,0
rest,2,261600.0,-0.003273,-0.027778,0,0
rest,2,261700.0,-0.002920,-0.026627,0,0
rest,2,261800.0,-0.002920,-0.023392,0,0
rest,2,261900.0,-0.002890,-0.026087,0,0
rest,2,262000.0,-0.005714,-0.024060,0,0
rest,2,262100.0,-0.005706,-0.021021,0,0
rest,2,262200.0,-0.002882,-0.024133,0,0
rest,2,262300.0,-0.003527,-0.026087,0,0
rest,2,262400.0,-0.006309,-0.026049,0,0
rest,2,262500.0,-0.006369,-0.026049,0,0
rest,2,262600.0,-0.006006,-0.026239,0,0
rest,2,262700.0,-0.003425,-0.026981,0,0
rest,2,262800.0,-0.003096,-0.025478,0,0
rest,2,262900.0,-0.006098,-0.024024,0,0
rest,2,263000.0,-0.003636,-0.017422,0,0
rest,2,263100.0,-0.005797,-0.020990,0,0
rest,2,263200.0,-0.005780,-0.027231,0,0
rest,2,263300.0,-0.005706,-0.026239,0,0
rest,2,263400.0,-0.005789,-0.027027,0,0
rest,2,263500.0,-0.006042,-0.021538,0,0
rest,2,263600.0,-0.005848,-0.023495,0,0
rest,2,263700.0,-0.008535,-0.023460,0,0
rest,2,263800.0,-0.008559,-0.020864,0,0
rest,2,263900.0,-0.005789,-0.026277,0,0
rest,2,264000.0,-0.006079,-0.022328,0,0
rest,2,264100.0,-0.006006,-0.024169,0,0
rest,2,264200.0,-0.009288,-0.020408,0,0
rest,2,264300.0,-0.009023,-0.020619,0,0
rest,2,264400.0,-0.008535,-0.026201,0,0
rest,2,264500.0,-0.009036,-0.027273,0,0
rest,2,264600.0,-0.008746,-0.023916,0,0
rest,2,264700.0,-0.005789,-0.026163,0,0
rest,2,264800.0,-0.008683,-0.026125,0,0
rest,2,264900.0,-0.009050,-0.023460,0,0
rest,2,265000.0,-0.009091,-0.017751,0,0
rest,2,265100.0,-0.008535,-0.026706,0,0
rest,2,265200.0,-0.008746,-0.024060,0,0
rest,2,265300.0,-0.008547,-0.023669,0,0
rest,2,265400.0,-0.008547,-0.023634,0,0
rest,2,265500.0,-0.009105,-0.023460,0,0
rest,2,265600.0,-0.006410,-0.027027,0,0
rest,2,265700.0,-0.008535,-0.026087,0,0
rest,2,265800.0,-0.009317,-0.020588,0,0
rest,2,265900.0,-0.009677,-0.023222,0,0
rest,2,266000.0,0.000000,-0.020619,0,0
rest,2,266100.0,-0.009050,-0.026277,0,0
rest,2,266200.0,-0.006033,-0.023669,0,0
rest,2,266300.0,-0.009063,-0.024206,0,0
rest,2,266400.0,-0.006579,-0.026667,0,0
rest,2,266500.0,-0.009245,-0.023324,0,0
rest,2,266600.0,-0.009788,-0.023426,0,0
rest,2,266700.0,-0.008721,-0.021116,0,0
rest,2,266800.0,-0.009788,-0.019262,0,0
rest,2,266900.0,-0.009050,-0.023324,0,0
rest,2,267000.0,-0.006107,-0.017699,0,0
rest,2,267100.0,-0.008969,-0.026471,0,0
rest,2,267200.0,-0.009539,-0.024653,0,0
rest,2,267300.0,-0.005944,-0.026393,0,0
rest,2,267400.0,-0.008547,-0.023290,0,0
rest,2,267500.0,-0.008633,-0.026201,0,0
rest,2,267600.0,-0.005961,-0.025000,0,0
rest,2,267700.0,-0.006400,-0.024961,0,0
rest,2,267800.0,-0.009077,-0.021978,0,0
rest,2,267900.0,-0.008811,-0.020588,0,0
rest,2,268000.0,-0.009390,-0.027735,0,0
rest,2,268100.0,-0.009288,-0.023704,0,0
rest,2,268200.0,-0.008646,-0.021472,0,0
rest,2,268300.0,-0.008584,-0.023739,0,0
rest,2,268400.0,-0.008785,-0.026786,0,0
rest,2,268500.0,-0.008969,-0.023256,0,0
rest,2,268600.0,-0.005722,-0.024845,0,0
rest,2,268700.0,-0.008929,-0.026273,0,0
rest,2,268800.0,-0.008571,-0.023324,0,0
rest,2,268900.0,-0.009419,-0.017493,0,0
rest,2,269000.0,-0.003534,-0.024578,0,0
rest,2,269100.0,-0.008696,-0.023669,0,0
rest,2,269200.0,-0.009693,-0.023290,0,0
rest,2,269300.0,-0.007030,-0.021148,0,0
rest,2,269400.0,-0.008969,-0.023358,0,0
rest,2,269500.0,-0.008982,-0.023358,0,0
rest,2,269600.0,-0.008535,-0.024502,0,0
rest,2,269700.0,-0.008658,-0.021212,0,0
rest,2,269800.0,-0.008658,-0.020588,0,0
rest,2,269900.0,-0.009479,-0.024242,0,0
rest,2,270000.0,-0.008671,-0.021309,0,0
rest,2,270100.0,-0.008646,-0.023460,0,0
rest,2,270200.0,-0.008811,-0.021472,0,0
rest,2,270300.0,-0.008824,-0.023358,0,0
rest,2,270400.0,-0.009631,-0.022581,0,0
rest,2,270500.0,-0.005706,-0.020528,0,0
rest,2,270600.0,-0.008798,-0.023460,0,0
rest,2,270700.0,-0.009569,-0.024428,0,0
rest,2,270800.0,-0.009317,-0.024096,0,0
rest,2,270900.0,-0.009231,-0.020741,0,0
rest,2,271000.0,-0.008902,-0.023188,0,0
rest,2,271100.0,-0.008772,-0.023739,0,0
rest,2,271200.0,-0.008785,-0.023358,0,0
rest,2,271300.0,-0.008571,-0.014706,0,0
rest,2,271400.0,-0.008772,-0.023669,0,0
rest,2,271500.0,-0.005979,-0.024242,0,0
rest,2,271600.0,-0.009600,-0.022152,0,0
rest,2,271700.0,-0.008671,-0.023290,0,0
rest,2,271800.0,-0.009449,-0.020408,0,0
rest,2,271900.0,-0.008955,-0.021505,0,0
rest,2,272000.0,-0.008671,-0.024353,0,0
rest,2,272100.0,-0.005789,-0.020378,0,0
rest,2,272200.0,-0.010753,-0.026446,0,0
rest,2,272300.0,-0.008772,-0.021277,0,0
rest,2,272400.0,-0.008535,-0.023188,0,0
rest,2,272500.0,-0.008535,-0.024729,0,0
rest,2,272600.0,-0.008876,-0.023495,0,0
rest,2,272700.0,-0.008571,-0.024206,0,0
rest,2,272800.0,-0.008584,-0.024096,0,0
rest,2,272900.0,-0.008535,-0.023222,0,0
rest,2,273000.0,-0.011905,-0.023392,0,0
rest,2,273100.0,-0.011922,-0.021212,0,0
rest,2,273200.0,-0.008772,-0.023495,0,0
rest,2,273300.0,-0.005797,-0.021374,0,0
rest,2,273400.0,-0.008547,-0.023358,0,0
rest,2,273500.0,-0.008798,-0.020438,0,0
rest,2,273600.0,-0.009302,-0.025437,0,0
rest,2,273700.0,-0.008915,-0.023426,0,0
rest,2,273800.0,-0.008547,-0.017884,0,0
rest,2,273900.0,-0.011236,-0.023495,0,0
rest,2,274000.0,-0.006051,-0.024242,0,0
rest,2,274100.0,-0.008571,-0.020710,0,0
rest,2,274200.0,-0.005900,-0.023881,0,0
rest,2,274300.0,-0.005970,-0.017570,0,0
rest,2,274400.0,-0.012365,-0.025890,0,0
rest,2,274500.0,-0.008955,-0.024242,0,0
rest,2,274600.0,-0.008824,-0.023774,0,0
rest,2,274700.0,-0.008915,-0.023669,0,0
rest,2,274800.0,-0.008811,-0.023495,0,0
rest,2,274900.0,-0.008811,-0.023426,0,0
rest,2,275000.0,-0.008837,-0.023426,0,0
rest,2,275100.0,-0.008837,-0.023881,0,0
rest,2,275200.0,-0.008811,-0.024540,0,0
rest,2,275300.0,-0.009404,-0.018547,0,0
rest,2,275400.0,-0.005935,-0.023634,0,0
rest,2,275500.0,-0.008658,-0.023916,0,0
rest,2,275600.0,-0.008955,-0.020679,0,0
rest,2,275700.0,-0.003026,-0.022117,0,0
rest,2,275800.0,-0.008811,-0.022099,0,0
rest,2,275900.0,-0.006250,-0.018490,0,0
rest,2,276000.0,-0.008811,-0.021605,0,0
rest,2,276100.0,-0.008785,-0.023952,0,0
rest,2,276200.0,-0.009317,-0.020864,0,0
rest,2,276300.0,-0.008850,-0.017884,0,0
rest,2,276400.0,-0.009288,-0.023845,0,0
rest,2,276500.0,-0.008942,-0.020864,0,0
rest,2,276600.0,-0.006221,-0.021638,0,0
rest,2,276700.0,-0.008863,-0.023669,0,0
rest,2,276800.0,-0.009600,-0.024428,0,0
rest,2,276900.0,-0.009050,-0.027231,0,0
rest,2,277000.0,-0.008955,-0.024729,0,0
rest,2,277100.0,-0.008811,-0.026946,0,0
rest,2,277200.0,-0.008596,-0.027068,0,0
rest,2,277300.0,-0.008837,-0.026946,0,0
rest,2,277400.0,-0.008559,-0.023358,0,0
rest,2,277500.0,-0.006221,-0.023324,0,0
rest,2,277600.0,-0.008559,-0.026239,0,0
rest,2,277700.0,-0.005839,-0.030960,0,0
rest,2,277800.0,-0.002903,-0.023358,0,0
rest,2,277900.0,-0.005935,-0.032070,0,0
rest,2,278000.0,-0.005772,-0.031977,0,0
rest,2,278100.0,-0.005722,-0.026746,0,0
rest,2,278200.0,-0.006144,-0.026627,0,0
rest,2,278300.0,-0.005900,-0.032787,0,0
rest,2,278400.0,-0.005970,-0.031977,0,0
rest,2,278500.0,-0.005722,-0.025974,0,0
rest,2,278600.0,-0.005722,-0.026125,0,0
rest,2,278700.0,-0.004057,-0.029985,0,0
rest,2,278800.0,-0.006024,-0.026049,0,0
rest,2,278900.0,-0.005944,-0.032117,0,0
rest,2,279000.0,-0.006359,-0.032206,0,0
rest,2,279100.0,-0.008316,-0.018868,0,0
rest,2,279200.0,-0.002874,-0.023290,0,0
rest,2,279300.0,-0.003263,-0.018779,0,0
rest,2,279400.0,-0.002869,-0.020290,0,0
rest,2,279500.0,-0.009274,-0.030441,0,0
rest,2,279600.0,-0.006135,-0.030441,0,0
rest,2,279700.0,-0.006006,-0.020408,0,0
rest,2,279800.0,0.000000,-0.019934,0,0
rest,2,279900.0,-0.003072,-0.024353,0,0
rest,2,280000.0,-0.005935,-0.026936,0,0
rest,2,280100.0,-0.005714,-0.026125,0,0
rest,2,280200.0,-0.005739,-0.027565,0,0
rest,2,280300.0,-0.005714,-0.028986,0,0
rest,2,280400.0,-0.005797,-0.023256,0,0
rest,2,280500.0,-0.005739,-0.026163,0,0
rest,2,280600.0,-0.005814,-0.024428,0,0
rest,2,280700.0,-0.005789,-0.026087,0,0
rest,2,280800.0,-0.005857,-0.026239,0,0
rest,2,280900.0,-0.006279,-0.017964,0,0
rest,2,281000.0,-0.006116,-0.023256,0,0
rest,2,281100.0,-0.006088,-0.029155,0,0
rest,2,281200.0,-0.006420,-0.025039,0,0
rest,2,281300.0,-0.005865,-0.028571,0,0
rest,2,281400.0,-0.003175,-0.018154,0,0
rest,2,281500.0,-0.005731,-0.023324,0,0
rest,2,281600.0,-0.005926,-0.023188,0,0
rest,2,281700.0,-0.005706,-0.023222,0,0
rest,2,281800.0,-0.005979,-0.023704,0,0
rest,2,281900.0,-0.005979,-0.024806,0,0
rest,2,282000.0,-0.005739,-0.018045,0,0
rest,2,282100.0,-0.003106,-0.014903,0,0
rest,2,282200.0,-0.005900,-0.024024,0,0
rest,2,282300.0,-0.005900,-0.025397,0,0
rest,2,282400.0,-0.006814,-0.023358,0,0
rest,2,282500.0,-0.005970,-0.018265,0,0
rest,2,282600.0,-0.006070,-0.021472,0,0
rest,2,282700.0,-0.002869,-0.018127,0,0
rest,2,282800.0,-0.005739,-0.024024,0,0
rest,2,282900.0,-0.005739,-0.020927,0,0
rest,2,283000.0,-0.005944,-0.023256,0,0
rest,2,283100.0,-0.005814,-0.020349,0,0
rest,2,283200.0,-0.005731,-0.023222,0,0
rest,2,283300.0,-0.005789,-0.017467,0,0
rest,2,283400.0,-0.002972,-0.023222,0,0
rest,2,283500.0,-0.005780,-0.023739,0,0
rest,2,283600.0,-0.005857,-0.023256,0,0
rest,2,283700.0,-0.005952,-0.020802,0,0
rest,2,283800.0,-0.006163,-0.023881,0,0
rest,2,283900.0,-0.005952,-0.021148,0,0
rest,2,284000.0,-0.005979,-0.014837,0,0
rest,2,284100.0,-0.005874,-0.020202,0,0
rest,2,284200.0,-0.005865,-0.011994,0,0
rest,2,284300.0,-0.006033,-0.017751,0,0
rest,2,284400.0,-0.005814,-0.020802,0,0
rest,2,284500.0,-0.003125,-0.020260,0,0
rest,2,284600.0,-0.005839,-0.023188,0,0
rest,2,284700.0,-0.006033,-0.023774,0,0
rest,2,284800.0,-0.006098,-0.020202,0,0
rest,2,284900.0,-0.006202,-0.023881,0,0
rest,2,285000.0,-0.005997,-0.017366,0,0
rest,2,285100.0,-0.005917,-0.023188,0,0
rest,2,285200.0,-0.005747,-0.023256,0,0
rest,2,285300.0,-0.005814,-0.045455,0,0
rest,2,285400.0,-0.006359,-0.028800,0,0
rest,2,285500.0,-0.005857,-0.017804,0,0
rest,2,285600.0,-0.006051,-0.019386,0,0
rest,2,285700.0,-0.005970,-0.020649,0,0
rest,2,285800.0,-0.003039,-0.024024,0,0
rest,2,285900.0,-0.002924,-0.023881,0,0
rest,2,286000.0,-0.005789,-0.023669,0,0
rest,2,286100.0,-0.003035,-0.024578,0,0
rest,2,286200.0,-0.005797,-0.023460,0,0
rest,2,286300.0,-0.005731,-0.023290,0,0
rest,2,286400.0,-0.006079,-0.024390,0,0
rest,2,286500.0,-0.005848,-0.026354,0,0
rest,2,286600.0,-0.005739,-0.024768,0,0
rest,2,286700.0,-0.005780,-0.020772,0,0
rest,2,286800.0,-0.003026,-0.021116,0,0
rest,2,286900.0,-0.005722,-0.017857,0,0
rest,2,287000.0,0.000000,-0.027149,0,0
rest,2,287100.0,-0.005979,-0.022764,0,0
rest,2,287200.0,-0.005731,-0.026667,0,0
rest,2,287300.0,-0.005814,-0.026393,0,0
rest,2,287400.0,-0.005797,-0.023392,0,0
rest,2,287500.0,-0.005935,-0.021705,0,0
rest,2,287600.0,-0.008942,-0.024133,0,0
rest,2,287700.0,-0.008677,-0.025783,0,0
rest,2,287800.0,-0.005739,-0.024353,0,0
rest,2,287900.0,-0.006410,-0.028037,0,0
rest,2,288000.0,-0.005780,-0.020378,0,0
rest,2,288100.0,-0.006144,-0.021021,0,0
rest,2,288200.0,-0.005789,-0.020290,0,0
rest,2,288300.0,-0.005865,-0.017910,0,0
rest,2,288400.0,-0.006144,-0.024540,0,0
rest,2,288500.0,-0.005739,-0.020741,0,0
rest,2,288600.0,-0.006270,-0.020260,0,0
rest,2,288700.0,-0.005731,-0.017442,0,0
rest,2,288800.0,-0.003067,-0.023881,0,0
rest,2,288900.0,-0.005731,-0.023426,0,0
rest,2,289000.0,-0.005722,-0.027907,0,0
rest,2,289100.0,-0.005731,-0.023739,0,0
rest,2,289200.0,-0.005731,-0.020864,0,0
rest,2,289300.0,-0.005747,-0.027439,0,0
rest,2,289400.0,-0.005882,-0.021374,0,0
rest,2,289500.0,-0.005917,-0.017595,0,0
rest,2,289600.0,-0.002899,-0.023324,0,0
rest,2,289700.0,0.000000,-0.024691,0,0
rest,2,289800.0,-0.003030,-0.023324,0,0
rest,2,289900.0,-0.005882,-0.024615,0,0
rest,2,290000.0,-0.005789,-0.020260,0,0
rest,2,290100.0,-0.006240,-0.020927,0,0
rest,2,290200.0,-0.005908,-0.023988,0,0
rest,2,290300.0,-0.005722,-0.021021,0,0
rest,2,290400.0,-0.005997,-0.017964,0,0
rest,2,290500.0,0.000000,-0.022400,0,0
rest,2,290600.0,-0.005764,-0.023358,0,0
rest,2,290700.0,-0.005772,-0.015038,0,0
rest,2,290800.0,-0.006745,-0.021084,0,0
rest,2,290900.0,-0.005944,-0.027314,0,0
rest,2,291000.0,-0.005714,-0.026826,0,0
rest,2,291100.0,0.000000,-0.021978,0,0
rest,2,291200.0,-0.005714,-0.023916,0,0
rest,2,291300.0,-0.005917,-0.020741,0,0
rest,2,291400.0,-0.005900,-0.021440,0,0
rest,2,291500.0,-0.005722,-0.018127,0,0
rest,2,291600.0,-0.005722,-0.020927,0,0
rest,2,291700.0,-0.006260,-0.020895,0,0
rest,2,291800.0,-0.005714,-0.023324,0,0
rest,2,291900.0,-0.005722,-0.023669,0,0
rest,2,292000.0,-0.005706,-0.026627,0,0
rest,2,292100.0,-0.005706,-0.026706,0,0
rest,2,292200.0,-0.003559,-0.026393,0,0
rest,2,292300.0,-0.005722,-0.018018,0,0
rest,2,292400.0,-0.005706,-0.027273,0,0
rest,2,292500.0,-0.006441,-0.025237,0,0
rest,2,292600.0,-0.005706,-0.023704,0,0
rest,2,292700.0,-0.005979,-0.017964,0,0
rest,2,292800.0,-0.006260,-0.020649,0,0
rest,2,292900.0,-0.006745,-0.021341,0,0
rest,2,293000.0,-0.006568,-0.026667,0,0
rest,2,293100.0,-0.006061,-0.024615,0,0
rest,2,293200.0,-0.005979,-0.023881,0,0
rest,2,293300.0,-0.006051,-0.024206,0,0
rest,2,293400.0,-0.006024,-0.023916,0,0
rest,2,293500.0,-0.006033,-0.024096,0,0
rest,2,293600.0,-0.006061,-0.020864,0,0
rest,2,293700.0,0.000000,-0.022989,0,0
rest,2,293800.0,-0.006173,-0.024133,0,0
rest,2,293900.0,-0.006173,-0.021638,0,0
rest,2,294000.0,-0.009569,-0.026446,0,0
rest,2,294100.0,-0.005755,-0.023188,0,0
rest,2,294200.0,-0.009449,-0.027108,0,0
rest,2,294300.0,-0.006493,-0.025039,0,0
rest,2,294400.0,-0.005722,-0.023088,0,0
rest,2,294500.0,-0.003284,-0.022258,0,0
rest,2,294600.0,-0.007194,-0.021505,0,0
rest,2,294700.0,-0.006289,-0.024024,0,0
rest,2,294800.0,-0.005970,-0.026277,0,0
rest,2,294900.0,-0.005706,-0.015674,0,0
rest,2,295000.0,-0.006299,-0.024428,0,0
rest,2,295100.0,-0.005755,-0.015083,0,0
rest,2,295200.0,-0.005789,-0.023916,0,0
rest,2,295300.0,-0.005714,-0.024845,0,0
rest,2,295400.0,-0.005722,-0.024024,0,0
rest,2,295500.0,-0.006061,-0.026786,0,0
rest,2,295600.0,-0.006192,-0.027397,0,0
rest,2,295700.0,-0.006135,-0.023529,0,0
rest,2,295800.0,-0.005970,-0.025518,0,0
rest,2,295900.0,-0.006163,-0.021944,0,0
rest,2,296000.0,-0.005926,-0.019512,0,0
rest,2,296100.0,-0.005714,-0.026549,0,0
rest,2,296200.0,-0.005698,-0.026549,0,0
rest,2,296300.0,-0.009677,-0.015552,0,0
rest,2,296400.0,-0.005714,-0.023392,0,0
rest,2,296500.0,-0.005722,-0.026667,0,0
rest,2,296600.0,-0.006051,-0.022400,0,0
rest,2,296700.0,-0.005722,-0.024465,0,0
rest,2,296800.0,-0.006192,-0.018750,0,0
rest,2,296900.0,-0.005979,-0.027907,0,0
rest,2,297000.0,-0.008746,-0.026354,0,0
rest,2,297100.0,-0.009160,-0.025600,0,0
rest,2,297200.0,-0.008584,-0.025039,0,0
rest,2,297300.0,-0.008571,-0.026393,0,0
rest,2,297400.0,-0.008708,-0.020260,0,0
rest,2,297500.0,-0.009259,-0.022258,0,0
rest,2,297600.0,-0.008734,-0.020202,0,0
rest,2,297700.0,-0.008811,-0.017857,0,0
rest,2,297800.0,-0.008996,-0.027068,0,0
rest,2,297900.0,-0.005739,-0.023599,0,0
rest,2,298000.0,-0.009160,-0.023324,0,0
rest,2,298100.0,-0.009390,-0.027397,0,0
rest,2,298200.0,-0.009259,-0.022293,0,0
rest,2,298300.0,-0.009375,-0.026706,0,0
rest,2,298400.0,-0.005731,-0.020710,0,0
rest,2,298500.0,-0.008584,-0.018663,0,0
rest,2,298600.0,-0.009091,-0.021116,0,0
rest,2,298700.0,-0.009132,-0.021978,0,0
rest,2,298800.0,-0.009419,-0.022727,0,0
rest,2,298900.0,-0.009464,-0.019544,0,0
rest,2,299000.0,-0.009105,-0.027068,0,0
rest,2,299100.0,-0.008658,-0.026786,0,0
rest,2,299200.0,-0.008798,-0.027397,0,0
rest,2,299300.0,-0.006088,-0.019672,0,0
rest,2,299400.0,-0.008584,-0.024806,0,0
rest,2,299500.0,-0.009160,-0.025197,0,0
rest,2,299600.0,-0.006525,-0.026201,0,0
rest,2,299700.0,-0.008584,-0.026125,0,0
rest,2,299800.0,-0.008929,-0.024768,0,0
rest,2,299900.0,-0.003063,-0.024169,0,0
rest,2,300000.0,-0.009756,-0.026277,0,0
rest,2,300100.0,-0.008969,-0.022187,0,0
rest,2,300200.0,-0.008571,-0.023290,0,0
rest,2,300300.0,-0.008571,-0.024390,0,0
rest,2,300400.0,-0.008571,-0.027821,0,0
rest,2,300500.0,-0.008772,-0.025316,0,0
rest,2,300600.0,-0.009009,-0.018605,0,0
rest,2,300700.0,-0.010084,-0.018692,0,0
rest,2,300800.0,-0.008708,-0.015480,0,0
rest,2,300900.0,-0.008734,-0.022258,0,0
rest,2,301000.0,-0.008876,-0.023222,0,0
rest,2,301100.0,-0.003597,-0.020958,0,0
rest,2,301200.0,-0.008633,-0.025848,0,0
rest,2,301300.0,-0.006410,-0.025437,0,0
rest,2,301400.0,-0.007017,-0.025600,0,0
rest,2,301500.0,-0.006504,-0.022472,0,0
rest,2,301600.0,-0.008915,-0.021180,0,0
rest,2,301700.0,-0.009693,-0.021505,0,0
rest,2,301800.0,-0.008571,-0.020349,0,0
rest,2,301900.0,-0.008571,-0.015723,0,0
rest,2,302000.0,-0.008734,-0.023495,0,0
rest,2,302100.0,-0.008876,-0.018692,0,0
rest,2,302200.0,-0.009160,-0.023333,0,0
rest,2,302300.0,-0.008850,-0.022293,0,0
rest,2,302400.0,-0.008571,-0.027190,0,0
rest,2,302500.0,-0.008863,-0.021672,0,0
rest,2,302600.0,-0.006441,-0.023564,0,0
rest,2,302700.0,-0.008559,-0.018927,0,0
rest,2,302800.0,-0.008571,-0.020558,0,0
rest,2,302900.0,-0.002920,-0.023256,0,0
rest,2,303000.0,-0.008696,-0.025118,0,0
rest,2,303100.0,-0.009174,-0.023088,0,0
rest,2,303200.0,-0.005789,-0.023188,0,0
rest,2,303300.0,-0.009302,-0.020378,0,0
rest,2,303400.0,-0.005739,-0.018605,0,0
rest,2,303500.0,-0.006042,-0.024845,0,0
rest,2,303600.0,-0.008876,-0.024502,0,0
rest,2,303700.0,-0.008671,-0.020290,0,0
rest,2,303800.0,-0.008942,-0.018154,0,0
rest,2,303900.0,-0.008559,-0.015949,0,0
rest,2,304000.0,-0.008559,-0.023256,0,0
rest,2,304100.0,-0.008969,-0.024883,0,0
rest,2,304200.0,-0.008559,-0.028986,0,0
rest,2,304300.0,-0.009245,-0.021807,0,0
rest,2,304400.0,-0.009050,-0.027397,0,0
rest,2,304500.0,-0.008646,-0.027481,0,0
rest,2,304600.0,-0.008571,-0.026087,0,0
rest,2,304700.0,-0.008671,-0.026012,0,0
rest,2,304800.0,-0.009119,-0.024279,0,0
rest,2,304900.0,-0.005935,-0.021472,0,0
rest,2,305000.0,-0.005831,-0.024961,0,0
rest,2,305100.0,-0.008571,-0.028302,0,0
rest,2,305200.0,-0.008671,-0.025000,0,0
rest,2,305300.0,-0.009091,-0.016949,0,0
rest,2,305400.0,-0.008559,-0.021909,0,0
rest,2,305500.0,-0.008559,-0.024133,0,0
rest,2,305600.0,-0.012632,-0.020100,0,0
rest,2,305700.0,-0.008608,-0.031838,0,0
rest,2,305800.0,-0.009077,-0.024242,0,0
rest,2,305900.0,-0.008982,-0.026316,0,0
rest,2,306000.0,-0.009302,-0.019169,0,0
rest,2,306100.0,-0.008671,-0.024502,0,0
rest,2,306200.0,-0.008915,-0.024242,0,0
rest,2,306300.0,-0.008929,-0.030303,0,0
rest,2,306400.0,-0.005944,-0.029508,0,0
rest,2,306500.0,-0.008646,-0.027778,0,0
rest,2,306600.0,-0.013289,-0.030717,0,0
rest,2,306700.0,-0.008863,-0.030488,0,0
rest,2,306800.0,-0.010135,-0.041958,0,0
rest,2,306900.0,-0.008584,-0.021705,0,0
rest,2,307000.0,-0.008559,-0.034755,0,0
rest,2,307100.0,-0.011922,-0.021440,0,0
rest,2,307200.0,-0.008571,-0.025157,0,0
rest,2,307300.0,-0.008683,-0.036975,0,0
rest,2,307400.0,-0.008608,-0.021244,0,0
rest,2,307500.0,-0.008571,-0.024465,0,0
rest,2,307600.0,-0.008547,-0.018265,0,0
rest,2,307700.0,-0.008608,-0.023088,0,0
rest,2,307800.0,-0.008559,-0.030722,0,0
rest,2,307900.0,-0.008889,-0.027864,0,0
rest,2,308000.0,-0.009063,-0.027692,0,0
rest,2,308100.0,-0.008696,-0.029895,0,0
rest,2,308200.0,-0.008671,-0.031696,0,0
rest,2,308300.0,-0.009245,-0.026549,0,0
rest,2,308400.0,-0.008696,-0.031609,0,0
rest,2,308500.0,-0.008798,-0.033233,0,0
rest,2,308600.0,-0.008571,-0.031700,0,0
rest,2,308700.0,-0.008646,-0.024279,0,0
rest,2,308800.0,-0.008746,-0.030581,0,0
rest,2,308900.0,-0.009539,-0.025105,0,0
rest,2,309000.0,-0.005722,-0.031609,0,0
rest,2,309100.0,-0.005722,-0.030441,0,0
rest,2,309200.0,-0.009375,-0.022013,0,0
rest,2,309300.0,-0.009950,-0.025039,0,0
rest,2,309400.0,-0.008621,-0.027231,0,0
rest,2,309500.0,-0.011412,-0.032448,0,0
rest,2,309600.0,-0.011412,-0.033537,0,0
rest,2,309700.0,-0.011445,-0.031008,0,0
rest,2,309800.0,-0.012251,-0.022764,0,0
rest,2,309900.0,-0.011412,-0.030257,0,0
rest,2,310000.0,-0.011412,-0.033435,0,0
rest,2,310100.0,-0.011412,-0.024540,0,0
rest,2,310200.0,-0.011527,-0.033283,0,0
rest,2,310300.0,-0.011412,-0.024206,0,0
rest,2,310400.0,-0.011527,-0.027356,0,0
rest,2,310500.0,-0.011429,-0.024502,0,0
rest,2,310600.0,-0.011396,-0.033794,0,0
rest,2,310700.0,-0.011412,-0.029455,0,0
rest,2,310800.0,-0.011396,-0.028777,0,0
rest,2,310900.0,-0.012820,-0.022082,0,0
rest,2,311000.0,-0.011445,-0.028754,0,0
rest,2,311100.0,-0.013468,-0.031746,0,0
rest,2,311200.0,-0.011412,-0.031104,0,0
rest,2,311300.0,-0.011380,-0.024961,0,0
rest,2,311400.0,-0.011396,-0.034268,0,0
rest,2,311500.0,-0.011577,-0.027778,0,0
rest,2,311600.0,-0.011412,-0.024242,0,0
rest,2,311700.0,-0.012177,-0.025937,0,0
rest,2,311800.0,-0.009539,-0.025682,0,0
rest,2,311900.0,-0.012012,-0.021572,0,0
rest,2,312000.0,-0.011429,-0.024729,0,0
rest,2,312100.0,-0.009288,-0.028571,0,0
rest,2,312200.0,-0.008535,-0.027565,0,0
rest,2,312300.0,-0.009852,-0.025974,0,0
rest,2,312400.0,-0.015152,-0.030628,0,0
rest,2,312500.0,-0.019093,-0.019512,0,0
rest,2,312600.0,-0.019293,-0.027439,0,0
rest,2,312700.0,-0.017118,-0.027314,0,0
rest,2,312800.0,-0.016032,-0.027668,0,0
rest,2,312900.0,-0.017217,-0.024883,0,0
rest,2,313000.0,-0.017442,-0.024390,0,0
rest,2,313100.0,-0.017094,-0.021407,0,0
rest,2,313200.0,-0.017884,-0.021374,0,0
rest,2,313300.0,-0.015625,-0.022187,0,0
rest,2,313400.0,-0.017266,-0.022913,0,0
rest,2,313500.0,-0.012820,-0.023026,0,0
rest,2,313600.0,-0.017045,-0.028037,0,0
rest,2,313700.0,-0.017070,-0.025237,0,0
rest,2,313800.0,-0.017266,-0.018490,0,0
rest,2,313900.0,-0.014265,-0.021978,0,0
rest,2,314000.0,-0.014265,-0.024353,0,0
rest,2,314100.0,-0.017241,-0.024691,0,0
rest,2,314200.0,-0.015060,-0.024806,0,0
rest,2,314300.0,-0.015456,-0.027864,0,0
rest,2,314400.0,-0.014388,-0.033962,0,0
rest,2,314500.0,-0.010435,-0.022727,0,0
rest,2,314600.0,-0.012103,-0.026706,0,0
rest,2,314700.0,-0.014245,-0.022617,0,0
rest,2,314800.0,-0.012232,-0.022082,0,0
rest,2,314900.0,-0.014225,-0.022764,0,0
rest,2,315000.0,-0.015060,-0.023599,0,0
rest,2,315100.0,-0.014388,-0.021605,0,0
rest,2,315200.0,-0.012520,-0.028125,0,0
rest,2,315300.0,-0.014286,-0.024729,0,0
rest,2,315400.0,-0.014245,-0.028169,0,0
rest,2,315500.0,-0.014430,-0.025000,0,0
rest,2,315600.0,-0.015296,-0.020492,0,0
rest,2,315700.0,-0.014728,-0.024476,0,0
rest,2,315800.0,-0.014245,-0.025197,0,0
rest,2,315900.0,-0.015337,-0.015748,0,0
rest,2,316000.0,-0.014598,-0.025974,0,0
rest,2,316100.0,-0.016639,-0.023333,0,0
rest,2,316200.0,-0.012270,-0.028213,0,0
rest,2,316300.0,-0.015106,-0.028892,0,0
rest,2,316400.0,-0.014430,-0.024279,0,0
rest,2,316500.0,-0.015552,-0.027397,0,0
rest,2,316600.0,-0.011730,-0.024729,0,0
rest,2,316700.0,-0.014970,-0.025118,0,0
rest,2,316800.0,-0.014306,-0.026273,0,0
rest,2,316900.0,-0.011544,-0.028037,0,0
rest,2,317000.0,-0.012103,-0.027356,0,0
rest,2,317100.0,-0.015798,-0.025078,0,0
rest,2,317200.0,-0.012085,-0.024316,0,0
rest,2,317300.0,-0.014306,-0.026087,0,0
rest,2,317400.0,-0.014556,-0.027864,0,0
rest,2,317500.0,-0.015221,-0.026622,0,0
rest,2,317600.0,-0.014430,-0.024502,0,0
rest,2,317700.0,-0.015244,-0.024845,0,0
rest,2,317800.0,-0.014245,-0.021807,0,0
rest,2,317900.0,-0.012520,-0.024060,0,0
rest,2,318000.0,-0.014286,-0.021277,0,0
rest,2,318100.0,-0.008996,-0.021773,0,0
rest,2,318200.0,-0.014327,-0.021605,0,0
rest,2,318300.0,-0.016474,-0.019231,0,0
rest,2,318400.0,-0.016234,-0.009709,0,0
rest,2,318500.0,-0.014265,-0.021605,0,0
rest,2,318600.0,-0.015152,-0.017751,0,0
rest,2,318700.0,-0.016129,-0.018692,0,0
rest,2,318800.0,-0.011544,-0.018377,0,0
rest,2,318900.0,-0.011799,-0.021978,0,0
rest,2,319000.0,-0.014641,-0.021538,0,0
rest,2,319100.0,-0.014728,-0.025118,0,0
rest,2,319200.0,-0.014451,-0.024316,0,0
rest,2,319300.0,-0.014451,-0.022364,0,0
rest,2,319400.0,-0.009600,-0.021773,0,0
rest,2,319500.0,-0.013115,-0.018779,0,0
rest,2,319600.0,-0.016234,-0.021212,0,0
rest,2,319700.0,-0.015408,-0.026403,0,0
rest,2,319800.0,-0.014306,-0.009259,0,0
rest,2,319900.0,-0.014306,-0.022913,0,0
rest,2,320000.0,-0.015244,-0.027907,0,0
rest,2,320100.0,-0.019646,-0.017606,0,0
rest,2,320200.0,-0.016103,-0.022117,0,0
rest,2,320300.0,-0.012177,-0.025600,0,0
rest,2,320400.0,-0.014306,-0.024729,0,0
rest,2,320500.0,-0.016287,-0.023256,0,0
rest,2,320600.0,-0.015326,-0.024502,0,0
rest,2,320700.0,-0.015221,-0.025478,0,0
rest,2,320800.0,-0.015129,-0.024615,0,0
rest,2,320900.0,-0.015221,-0.018433,0,0
rest,2,321000.0,-0.014430,-0.024353,0,0
rest,2,321100.0,-0.014306,-0.024768,0,0
rest,2,321200.0,-0.014265,-0.021505,0,0
rest,2,321300.0,-0.014265,-0.021773,0,0
rest,2,321400.0,-0.014306,-0.023810,0,0
rest,2,321500.0,-0.014306,-0.027950,0,0
rest,2,321600.0,-0.014265,-0.022187,0,0
rest,2,321700.0,-0.016502,-0.027149,0,0
rest,2,321800.0,-0.010000,-0.021538,0,0
rest,2,321900.0,-0.014265,-0.025197,0,0
rest,2,322000.0,-0.015823,-0.025118,0,0
rest,2,322100.0,-0.015038,-0.022047,0,0
rest,2,322200.0,-0.008830,-0.021374,0,0
rest,2,322300.0,-0.004785,-0.025000,0,0
rest,2,322400.0,-0.015221,-0.022293,0,0
rest,2,322500.0,-0.012598,-0.028986,0,0
rest,2,322600.0,-0.014286,-0.021978,0,0
rest,2,322700.0,-0.014815,-0.023529,0,0
rest,2,322800.0,-0.014514,-0.028213,0,0
rest,2,322900.0,-0.014409,-0.018490,0,0
rest,2,323000.0,-0.014451,-0.020619,0,0
rest,2,323100.0,-0.017730,-0.009217,0,0
rest,2,323200.0,-0.014265,-0.013400,0,0
rest,2,323300.0,-0.014265,-0.024961,0,0
rest,2,323400.0,-0.015898,-0.021472,0,0
rest,2,323500.0,-0.014265,-0.018987,0,0
rest,2,323600.0,-0.011478,-0.025118,0,0
rest,2,323700.0,-0.014265,-0.018576,0,0
rest,2,323800.0,-0.014265,-0.020528,0,0
rest,2,323900.0,-0.014265,-0.023564,0,0
rest,2,324000.0,-0.015175,-0.022258,0,0
rest,2,324100.0,-0.015175,-0.024922,0,0
rest,2,324200.0,-0.014514,-0.021605,0,0
rest,2,324300.0,-0.014327,-0.023881,0,0
rest,2,324400.0,-0.015649,-0.024242,0,0
rest,2,324500.0,-0.015385,-0.023495,0,0
rest,2,324600.0,-0.014451,-0.026354,0,0
rest,2,324700.0,-0.015198,-0.023774,0,0
rest,2,324800.0,-0.014472,-0.021875,0,0
rest,2,324900.0,-0.014327,-0.026471,0,0
rest,2,325000.0,-0.016234,-0.021148,0,0
rest,2,325100.0,-0.015198,-0.022187,0,0
rest,2,325200.0,-0.014286,-0.024133,0,0
rest,2,325300.0,-0.014306,-0.023290,0,0
rest,2,325400.0,-0.016155,-0.020797,0,0
rest,2,325500.0,-0.014265,-0.024961,0,0
rest,2,325600.0,-0.014409,-0.026471,0,0
rest,2,325700.0,-0.014409,-0.025765,0,0
rest,2,325800.0,-0.014368,-0.025890,0,0
rest,2,325900.0,-0.014347,-0.025316,0,0
rest,2,326000.0,-0.015924,-0.009302,0,0
rest,2,326100.0,-0.014210,-0.013267,0,0
rest,2,326200.0,-0.014306,-0.025118,0,0
rest,2,326300.0,-0.017212,-0.027523,0,0
rest,2,326400.0,-0.014368,-0.018576,0,0
rest,2,326500.0,-0.015480,-0.024922,0,0
rest,2,326600.0,-0.015385,-0.023333,0,0
rest,2,326700.0,-0.014793,-0.023460,0,0
rest,2,326800.0,-0.011765,-0.020927,0,0
rest,2,326900.0,-0.016502,-0.020833,0,0
rest,2,327000.0,-0.015576,-0.028800,0,0
rest,2,327100.0,-0.015106,-0.024845,0,0
rest,2,327200.0,-0.015152,-0.027068,0,0
rest,2,327300.0,-0.014430,-0.021244,0,0
rest,2,327400.0,-0.009615,-0.022222,0,0
rest,2,327500.0,-0.015649,-0.023810,0,0
rest,2,327600.0,-0.016129,-0.024465,0,0
rest,2,327700.0,-0.014535,-0.023810,0,0
rest,2,327800.0,-0.014265,-0.024729,0,0
rest,2,327900.0,-0.014409,-0.024316,0,0
rest,2,328000.0,-0.014430,-0.024502,0,0
rest,2,328100.0,-0.014306,-0.024206,0,0
rest,2,328200.0,-0.014430,-0.029605,0,0
rest,2,328300.0,-0.014265,-0.023529,0,0
rest,2,328400.0,-0.014306,-0.024768,0,0
rest,2,328500.0,-0.009174,-0.021309,0,0
rest,2,328600.0,-0.014265,-0.021148,0,0
rest,2,328700.0,-0.015106,-0.021148,0,0
rest,2,328800.0,-0.015699,-0.027397,0,0
rest,2,328900.0,-0.014684,-0.021053,0,0
rest,2,329000.0,-0.014409,-0.012780,0,0
rest,2,329100.0,-0.014641,-0.019608,0,0
rest,2,329200.0,-0.014327,-0.028708,0,0
rest,2,329300.0,-0.012862,-0.022617,0,0
rest,2,329400.0,-0.014286,-0.018721,0,0
rest,2,329500.0,-0.014409,-0.019017,0,0
rest,2,329600.0,-0.014409,-0.019017,0,0
rest,2,329700.0,-0.014514,-0.025932,0,0
rest,2,329800.0,-0.011527,-0.025848,0,0
rest,2,329900.0,-0.015221,-0.026946,0,0
rest,2,330000.0,-0.014306,-0.018433,0,0
rest,2,330100.0,-0.014327,-0.021875,0,0
rest,2,330200.0,-0.009524,-0.026756,0,0
rest,2,330300.0,-0.018321,-0.024133,0,0
rest,2,330400.0,-0.017316,-0.026101,0,0
rest,2,330500.0,-0.017391,-0.025397,0,0
rest,2,330600.0,-0.017118,-0.021773,0,0
rest,2,330700.0,-0.017291,-0.021572,0,0
rest,2,330800.0,-0.015552,-0.022258,0,0
rest,2,330900.0,-0.017143,-0.022654,0,0
rest,2,331000.0,-0.017341,-0.022187,0,0
rest,2,331100.0,-0.017417,-0.025000,0,0
rest,2,331200.0,-0.017301,-0.018957,0,0
rest,2,331300.0,-0.017266,-0.021875,0,0
rest,2,331400.0,-0.014535,-0.022989,0,0
rest,2,331500.0,-0.017094,-0.024615,0,0
rest,2,331600.0,-0.017751,-0.022913,0,0
rest,2,331700.0,-0.017366,-0.023324,0,0
rest,2,331800.0,-0.018663,-0.016155,0,0
rest,2,331900.0,-0.017804,-0.024353,0,0
rest,2,332000.0,-0.017544,-0.015244,0,0
rest,2,332100.0,-0.018127,-0.017570,0,0
rest,2,332200.0,-0.011628,-0.018182,0,0
rest,2,332300.0,-0.017467,-0.023529,0,0
rest,2,332400.0,-0.014514,-0.023460,0,0
rest,2,332500.0,-0.017192,-0.021472,0,0
rest,2,332600.0,-0.018237,-0.021084,0,0
rest,2,332700.0,-0.009600,-0.024502,0,0
rest,2,332800.0,-0.017143,-0.024883,0,0
rest,2,332900.0,-0.015576,-0.023881,0,0
rest,2,333000.0,-0.019967,-0.019017,0,0
rest,2,333100.0,-0.015244,-0.022876,0,0
rest,2,333200.0,-0.017266,-0.024540,0,0
rest,2,333300.0,-0.018265,-0.022436,0,0
rest,2,333400.0,-0.018490,-0.025890,0,0
rest,2,333500.0,-0.018100,-0.021538,0,0
rest,2,333600.0,-0.015773,-0.022152,0,0
rest,2,333700.0,-0.018377,-0.025316,0,0
rest,2,333800.0,-0.014306,-0.021472,0,0
rest,2,333900.0,-0.015267,-0.021440,0,0
rest,2,334000.0,-0.017725,-0.022617,0,0
rest,2,334100.0,-0.017647,-0.019418,0,0
rest,2,334200.0,-0.017118,-0.021944,0,0
rest,2,334300.0,-0.017595,-0.025806,0,0
rest,2,334400.0,-0.018293,-0.018547,0,0
rest,2,334500.0,-0.019078,-0.022913,0,0
rest,2,334600.0,-0.017417,-0.019480,0,0
rest,2,334700.0,-0.008097,-0.021180,0,0
rest,2,334800.0,-0.017143,-0.025197,0,0
rest,2,334900.0,-0.017266,-0.018663,0,0
rest,2,335000.0,-0.014409,-0.021638,0,0
rest,2,335100.0,-0.014815,-0.021440,0,0
rest,2,335200.0,-0.015290,-0.024653,0,0
rest,2,335300.0,-0.014925,-0.025478,0,0
rest,2,335400.0,-0.015723,-0.020833,0,0
rest,2,335500.0,-0.019078,-0.021309,0,0
rest,2,335600.0,-0.018605,-0.019108,0,0
rest,2,335700.0,-0.017366,-0.024279,0,0
rest,2,335800.0,-0.009479,-0.026101,0,0
rest,2,335900.0,-0.017673,-0.024540,0,0
rest,2,336000.0,-0.018321,-0.018321,0,0
rest,2,336100.0,-0.018462,-0.025276,0,0
rest,2,336200.0,-0.019169,-0.021605,0,0
rest,2,336300.0,-0.017518,-0.020649,0,0
rest,2,336400.0,-0.018405,-0.016000,0,0
rest,2,336500.0,-0.015060,-0.024316,0,0
rest,2,336600.0,-0.016287,-0.024316,0,0
rest,2,336700.0,-0.018127,-0.024133,0,0
rest,2,336800.0,-0.018957,-0.021180,0,0
rest,2,336900.0,-0.018721,-0.021538,0,0
rest,2,337000.0,-0.017391,-0.018100,0,0
rest,2,337100.0,0.000000,-0.024631,0,0
rest,2,337200.0,-0.015038,-0.020958,0,0
rest,2,337300.0,-0.011869,-0.021538,0,0
rest,2,337400.0,-0.017192,-0.023529,0,0
rest,2,337500.0,-0.015798,-0.021773,0,0
rest,2,337600.0,-0.017241,-0.020619,0,0
rest,2,337700.0,-0.014286,-0.021212,0,0
rest,2,337800.0,-0.017118,-0.021244,0,0
rest,2,337900.0,-0.018182,-0.023569,0,0
rest,2,338000.0,-0.018209,-0.025157,0,0
rest,2,338100.0,-0.015244,-0.025518,0,0
rest,2,338200.0,-0.015060,-0.021374,0,0
rest,2,338300.0,-0.018605,-0.021672,0,0
rest,2,338400.0,-0.018547,-0.018750,0,0
rest,2,338500.0,-0.019704,-0.020319,0,0
rest,2,338600.0,-0.018721,-0.023529,0,0
rest,2,338700.0,-0.019449,-0.018633,0,0
rest,2,338800.0,-0.017118,-0.020958,0,0
rest,2,338900.0,-0.016000,-0.025118,0,0
rest,2,339000.0,-0.018663,-0.024653,0,0
rest,2,339100.0,-0.018100,-0.021180,0,0
rest,2,339200.0,-0.012520,-0.021440,0,0
rest,2,339300.0,-0.013378,-0.021244,0,0
rest,2,339400.0,-0.012848,-0.028235,0,0
rest,2,339500.0,-0.017621,-0.023324,0,0
rest,2,339600.0,-0.019900,-0.025118,0,0
rest,2,339700.0,-0.018838,-0.026277,0,0
rest,2,339800.0,-0.012862,-0.028391,0,0
rest,2,339900.0,-0.017831,-0.017937,0,0
rest,2,340000.0,-0.018433,-0.021440,0,0
rest,2,340100.0,-0.017167,-0.023881,0,0
rest,2,340200.0,-0.018209,-0.023392,0,0
rest,2,340300.0,-0.014472,-0.023952,0,0
rest,2,340400.0,-0.018377,-0.024806,0,0
rest,2,340500.0,-0.017621,-0.021875,0,0
rest,2,340600.0,-0.019048,-0.019868,0,0
rest,2,340700.0,-0.018692,-0.024578,0,0
rest,2,340800.0,-0.015175,-0.021440,0,0
rest,2,340900.0,-0.017167,-0.023774,0,0
rest,2,341000.0,-0.017266,-0.024845,0,0
rest,2,341100.0,-0.018321,-0.024653,0,0
rest,2,341200.0,-0.018265,-0.021212,0,0
rest,2,341300.0,-0.019418,-0.019737,0,0
rest,2,341400.0,-0.017167,-0.024316,0,0
rest,2,341500.0,-0.014286,-0.024206,0,0
rest,2,341600.0,-0.017391,-0.024390,0,0
rest,2,341700.0,-0.018405,-0.025397,0,0
rest,2,341800.0,-0.017621,-0.021309,0,0
rest,2,341900.0,-0.015699,-0.024540,0,0
rest,2,342000.0,-0.017167,-0.024729,0,0
rest,2,342100.0,-0.018779,-0.025157,0,0
rest,2,342200.0,-0.017595,-0.023564,0,0
rest,2,342300.0,-0.018692,-0.024465,0,0
rest,2,342400.0,-0.017910,-0.022436,0,0
rest,2,342500.0,-0.017118,-0.021638,0,0
rest,2,342600.0,-0.017391,-0.023952,0,0
rest,2,342700.0,-0.018405,-0.025237,0,0
rest,2,342800.0,-0.014684,-0.023460,0,0
rest,2,342900.0,-0.012422,-0.022013,0,0
rest,2,343000.0,-0.018045,-0.021277,0,0
rest,2,343100.0,-0.017493,-0.019017,0,0
rest,2,343200.0,-0.017118,-0.024390,0,0
rest,2,343300.0,-0.017143,-0.019512,0,0
rest,2,343400.0,-0.017366,-0.018127,0,0
rest,2,343500.0,-0.018127,-0.016077,0,0
rest,2,343600.0,-0.017366,-0.024768,0,0
rest,2,343700.0,-0.017366,-0.021538,0,0
rest,2,343800.0,-0.018462,-0.021638,0,0
rest,2,343900.0,-0.017518,-0.024845,0,0
rest,2,344000.0,-0.017118,-0.025478,0,0
rest,2,344100.0,-0.015480,-0.026273,0,0
rest,2,344200.0,-0.015361,-0.019640,0,0
rest,2,344300.0,-0.017621,-0.018633,0,0
rest,2,344400.0,-0.014620,-0.021739,0,0
rest,2,344500.0,-0.017493,-0.018779,0,0
rest,2,344600.0,-0.017417,-0.024615,0,0
rest,2,344700.0,-0.015198,-0.021407,0,0
rest,2,344800.0,-0.016260,-0.019480,0,0
rest,2,344900.0,-0.017118,-0.021309,0,0
rest,2,345000.0,-0.018433,-0.018377,0,0
rest,2,345100.0,-0.018547,-0.022951,0,0
rest,2,345200.0,-0.017804,-0.018987,0,0
rest,2,345300.0,-0.019262,-0.028455,0,0
rest,2,345400.0,-0.017291,-0.021472,0,0
rest,2,345500.0,-0.017417,-0.023599,0,0
rest,2,345600.0,-0.017094,-0.015528,0,0
rest,2,345700.0,-0.012195,-0.015456,0,0
rest,2,345800.0,-0.017575,-0.019293,0,0
rest,2,345900.0,-0.017143,-0.022328,0,0
rest,2,346000.0,-0.017341,-0.020558,0,0
rest,2,346100.0,-0.018779,-0.019108,0,0
rest,2,346200.0,-0.018018,-0.021472,0,0
rest,2,346300.0,-0.018321,-0.021212,0,0
rest,2,346400.0,-0.018293,-0.016367,0,0
rest,2,346500.0,-0.015848,-0.024096,0,0
rest,2,346600.0,-0.017118,-0.025078,0,0
rest,2,346700.0,-0.017493,-0.020438,0,0
rest,2,346800.0,-0.017118,-0.015094,0,0
rest,2,346900.0,-0.018237,-0.019017,0,0
rest,2,347000.0,-0.014837,-0.018868,0,0
rest,2,347100.0,-0.017291,-0.023155,0,0
rest,2,347200.0,-0.016207,-0.024615,0,0
rest,2,347300.0,-0.017953,-0.027778,0,0
rest,2,347400.0,-0.021472,-0.018321,0,0
rest,2,347500.0,-0.021021,-0.022152,0,0
rest,2,347600.0,-0.017467,-0.018349,0,0
rest,2,347700.0,-0.016502,-0.014787,0,0
rest,2,347800.0,-0.012739,-0.019672,0,0
rest,2,347900.0,-0.017442,-0.023845,0,0
rest,2,348000.0,-0.017751,-0.015198,0,0
rest,2,348100.0,-0.017266,-0.017673,0,0
rest,2,348200.0,-0.016598,-0.014519,0,0
rest,2,348300.0,-0.017131,-0.018519,0,0
rest,2,348400.0,-0.017391,-0.020990,0,0
rest,2,348500.0,-0.020438,-0.020260,0,0
rest,2,348600.0,-0.021472,-0.015528,0,0
rest,2,348700.0,-0.020378,-0.018838,0,0
rest,2,348800.0,-0.016529,-0.023064,0,0
rest,2,348900.0,-0.017442,-0.024353,0,0
rest,2,349000.0,-0.017217,-0.024691,0,0
rest,2,349100.0,-0.020290,-0.025397,0,0
rest,2,349200.0,-0.020173,-0.024922,0,0
rest,2,349300.0,-0.017857,-0.019169,0,0
rest,2,349400.0,-0.022328,-0.019293,0,0
rest,2,349500.0,-0.020367,-0.025641,0,0
rest,2,349600.0,-0.015649,-0.021180,0,0
rest,2,349700.0,-0.017493,-0.017991,0,0
rest,2,349800.0,-0.020202,-0.021148,0,0
rest,2,349900.0,-0.015106,-0.024729,0,0
rest,2,350000.0,-0.012384,-0.020319,0,0
rest,2,350100.0,-0.018100,-0.023155,0,0
rest,2,350200.0,-0.020558,-0.020558,0,0
rest,2,350300.0,-0.021538,-0.022328,0,0
rest,2,350400.0,-0.020895,-0.018490,0,0
rest,2,350500.0,-0.020864,-0.021212,0,0
rest,2,350600.0,-0.019915,-0.021672,0,0
rest,2,350700.0,-0.018127,-0.018868,0,0
rest,2,350800.0,-0.020115,-0.020927,0,0
rest,2,350900.0,-0.020772,-0.018051,0,0
rest,2,351000.0,-0.021148,-0.017884,0,0
rest,2,351100.0,-0.026403,-0.027211,0,0
rest,2,351200.0,-0.021472,-0.020906,0,0
rest,2,351300.0,-0.020029,-0.024540,0,0
rest,2,351400.0,-0.017493,-0.021505,0,0
rest,2,351500.0,-0.021341,-0.015408,0,0
rest,2,351600.0,-0.020115,-0.018433,0,0
rest,2,351700.0,-0.017570,-0.021407,0,0
rest,2,351800.0,-0.018519,-0.025518,0,0
rest,2,351900.0,-0.019858,-0.018072,0,0
rest,2,352000.0,-0.014888,-0.015936,0,0
rest,2,352100.0,-0.021944,-0.025237,0,0
rest,2,352200.0,-0.017442,-0.021739,0,0
rest,2,352300.0,-0.017045,-0.021841,0,0
rest,2,352400.0,-0.017070,-0.024961,0,0
rest,2,352500.0,-0.015576,-0.018779,0,0
rest,2,352600.0,-0.015649,-0.019108,0,0
rest,2,352700.0,-0.017986,-0.014060,0,0
rest,2,352800.0,-0.021544,-0.018100,0,0
rest,2,352900.0,-0.019886,-0.012232,0,0
rest,2,353000.0,-0.019915,-0.021148,0,0
rest,2,353100.0,-0.016367,-0.019769,0,0
rest,2,353200.0,-0.014881,-0.018633,0,0
rest,2,353300.0,-0.021773,-0.018127,0,0
rest,2,353400.0,-0.019886,-0.021309,0,0
rest,2,353500.0,-0.021407,-0.022436,0,0
rest,2,353600.0,-0.020115,-0.019934,0,0
rest,2,353700.0,-0.017217,-0.027565,0,0
rest,2,353800.0,-0.018987,-0.019480,0,0
rest,2,353900.0,-0.016103,-0.025641,0,0
rest,2,354000.0,-0.017937,-0.021505,0,0
rest,2,354100.0,-0.021909,-0.027826,0,0
rest,2,354200.0,-0.021944,-0.016750,0,0
rest,2,354300.0,-0.019386,-0.024433,0,0
rest,2,354400.0,-0.017422,-0.027350,0,0
rest,2,354500.0,-0.021374,-0.019449,0,0
rest,2,354600.0,-0.017778,-0.025000,0,0
rest,2,354700.0,-0.021944,-0.018750,0,0
rest,2,354800.0,-0.020115,-0.021773,0,0
rest,2,354900.0,-0.021875,-0.026490,0,0
rest,2,355000.0,-0.020086,-0.018433,0,0
rest,2,355100.0,-0.014970,-0.018209,0,0
rest,2,355200.0,-0.015748,-0.021875,0,0
rest,2,355300.0,-0.018127,-0.015924,0,0
rest,2,355400.0,-0.017910,-0.021773,0,0
rest,2,355500.0,-0.017301,-0.021739,0,0
rest,2,355600.0,-0.014925,-0.021116,0,0
rest,2,355700.0,-0.018663,-0.022047,0,0
rest,2,355800.0,-0.023256,-0.022047,0,0
rest,2,355900.0,-0.019418,-0.024014,0,0
rest,2,356000.0,-0.019608,-0.019380,0,0
rest,2,356100.0,-0.025039,-0.013201,0,0
rest,2,356200.0,-0.022695,-0.022047,0,0
rest,2,356300.0,-0.024641,-0.009950,0,0
rest,2,356400.0,-0.018349,-0.015625,0,0
rest,2,356500.0,-0.012658,-0.023188,0,0
rest,2,356600.0,-0.019858,-0.018349,0,0
rest,2,356700.0,-0.022838,-0.026465,0,0
rest,2,356800.0,-0.024242,-0.022328,0,0
rest,2,356900.0,-0.020378,-0.017884,0,0
rest,2,357000.0,-0.025276,-0.018838,0,0
rest,2,357100.0,-0.020115,-0.018868,0,0
rest,2,357200.0,-0.020349,-0.018045,0,0
rest,2,357300.0,-0.017266,-0.021021,0,0
rest,2,357400.0,-0.021538,-0.006070,0,0
rest,2,357500.0,-0.023290,-0.018809,0,0
rest,2,357600.0,-0.020408,-0.012442,0,0
rest,2,357700.0,-0.017467,-0.021148,0,0
rest,2,357800.0,-0.019672,-0.024518,0,0
rest,2,357900.0,-0.018779,-0.021944,0,0
rest,2,358000.0,-0.021374,-0.019078,0,0
rest,2,358100.0,-0.015649,-0.022047,0,0
rest,2,358200.0,-0.021505,-0.018293,0,0
rest,2,358300.0,-0.014728,-0.021374,0,0
rest,2,358400.0,-0.021440,-0.018663,0,0
rest,2,358500.0,-0.021440,-0.012719,0,0
rest,2,358600.0,-0.020349,-0.020927,0,0
rest,2,358700.0,-0.025362,-0.022117,0,0
rest,2,358800.0,-0.021180,-0.022544,0,0
rest,2,358900.0,-0.022764,-0.023689,0,0
rest,2,359000.0,-0.022663,-0.021341,0,0
rest,2,359100.0,-0.021672,-0.021472,0,0
rest,2,359200.0,-0.017241,-0.013841,0,0
rest,2,359300.0,-0.020144,-0.020741,0,0
rest,2,359400.0,-0.023290,-0.021841,0,0
rest,2,359500.0,-0.022631,-0.021773,0,0
rest,2,359600.0,-0.024502,-0.018293,0,0
rest,2,359700.0,-0.021739,-0.015798,0,0
rest,2,359800.0,-0.019858,-0.020958,0,0
rest,2,359900.0,-0.022631,-0.017910,0,0
rest,2,360000.0,-0.025039,-0.020772,0,0
rest,2,360100.0,-0.022222,-0.021807,0,0
rest,2,360200.0,-0.022663,-0.021148,0,0
rest,2,360300.0,-0.020086,-0.017699,0,0
rest,2,360400.0,-0.022764,-0.009662,0,0
rest,2,360500.0,-0.019830,-0.018209,0,0
rest,2,360600.0,-0.018237,-0.024961,0,0
rest,2,360700.0,-0.021148,-0.021978,0,0
rest,2,360800.0,-0.015290,-0.009259,0,0
rest,2,360900.0,-0.022544,-0.018490,0,0
rest,2,361000.0,-0.022099,-0.020619,0,0
rest,2,361100.0,-0.022222,-0.021638,0,0
rest,2,361200.0,-0.020833,-0.017937,0,0
rest,2,361300.0,-0.022727,-0.018182,0,0
rest,2,361400.0,-0.025437,-0.020534,0,0
rest,2,361500.0,-0.017094,-0.021605,0,0
rest,2,361600.0,-0.021212,-0.015823,0,0
rest,2,361700.0,-0.019886,-0.015528,0,0
rest,2,361800.0,-0.021212,-0.018633,0,0
rest,2,361900.0,-0.022727,-0.021053,0,0
rest,2,362000.0,-0.026087,-0.020000,0,0
rest,2,362100.0,-0.024691,-0.015601,0,0
rest,2,362200.0,-0.020833,-0.020990,0,0
rest,2,362300.0,-0.023988,-0.015699,0,0
rest,2,362400.0,-0.021277,-0.021021,0,0
rest,2,362500.0,-0.023704,-0.015649,0,0
rest,2,362600.0,-0.018349,-0.022117,0,0
rest,2,362700.0,-0.020779,-0.021779,0,0
rest,2,362800.0,-0.019858,-0.020990,0,0
rest,2,362900.0,-0.026882,-0.023333,0,0
rest,2,363000.0,-0.022727,-0.021084,0,0
rest,2,363100.0,-0.017417,-0.020927,0,0
rest,2,363200.0,-0.017341,-0.014837,0,0
rest,2,363300.0,-0.022663,-0.012048,0,0
rest,2,363400.0,-0.016722,-0.016447,0,0
rest,2,363500.0,-0.024390,-0.016474,0,0
rest,2,363600.0,-0.018957,-0.019017,0,0
rest,2,363700.0,-0.021672,-0.022152,0,0
rest,2,363800.0,-0.021572,-0.015848,0,0
rest,2,363900.0,-0.030395,-0.016495,0,0
rest,2,364000.0,-0.014205,-0.021572,0,0
rest,2,364100.0,-0.020833,-0.016260,0,0
rest,2,364200.0,-0.021705,-0.022117,0,0
rest,2,364300.0,-0.018237,-0.012759,0,0
rest,2,364400.0,-0.021841,-0.023064,0,0
rest,2,364500.0,-0.018721,-0.019231,0,0
rest,2,364600.0,-0.019830,-0.018377,0,0
rest,2,364700.0,-0.017045,-0.018072,0,0
rest,2,364800.0,-0.022544,-0.021309,0,0
rest,2,364900.0,-0.021705,-0.022617,0,0
rest,2,365000.0,-0.022222,-0.018484,0,0
rest,2,365100.0,-0.020927,-0.021180,0,0
rest,2,365200.0,-0.022544,-0.017637,0,0
rest,2,365300.0,-0.021407,-0.015326,0,0
rest,2,365400.0,-0.025974,-0.023372,0,0
rest,2,365500.0,-0.022258,-0.016181,0,0
rest,2,365600.0,-0.022222,-0.022727,0,0
rest,2,365700.0,-0.020168,-0.020619,0,0
rest,2,365800.0,-0.022117,-0.025641,0,0
rest,2,365900.0,-0.021440,-0.018237,0,0
rest,2,366000.0,-0.021672,-0.015924,0,0
rest,2,366100.0,-0.021440,-0.015848,0,0
rest,2,366200.0,-0.025559,-0.018898,0,0
rest,2,366300.0,-0.025276,-0.022400,0,0
rest,2,366400.0,-0.027826,-0.023810,0,0
rest,2,366500.0,-0.021705,-0.018377,0,0
rest,2,366600.0,-0.021440,-0.015290,0,0
rest,2,366700.0,-0.021505,-0.021277,0,0
rest,2,366800.0,-0.024465,-0.018987,0,0
rest,2,366900.0,-0.023256,-0.018750,0,0
rest,2,367000.0,-0.021116,-0.021605,0,0
rest,2,367100.0,-0.021739,-0.009324,0,0
rest,2,367200.0,-0.025039,-0.019139,0,0
rest,2,367300.0,-0.023529,-0.018127,0,0
rest,2,367400.0,-0.020115,-0.016000,0,0
rest,2,367500.0,-0.015773,-0.012618,0,0
rest,2,367600.0,-0.022923,-0.018072,0,0
rest,2,367700.0,-0.023426,-0.020958,0,0
rest,2,367800.0,-0.024883,-0.018405,0,0
rest,2,367900.0,-0.019262,-0.017094,0,0
rest,2,368000.0,-0.017143,-0.020772,0,0
rest,2,368100.0,-0.021605,-0.021944,0,0
rest,2,368200.0,-0.018462,-0.016474,0,0
rest,2,368300.0,-0.020319,-0.013115,0,0
rest,2,368400.0,-0.020588,-0.016556,0,0
rest,2,368500.0,-0.019355,-0.021605,0,0
rest,2,368600.0,-0.020408,-0.021084,0,0
rest,2,368700.0,-0.021944,-0.018838,0,0
rest,2,368800.0,-0.020086,-0.018321,0,0
rest,2,368900.0,-0.021538,-0.012403,0,0
rest,2,369000.0,-0.022364,-0.019967,0,0
rest,2,369100.0,-0.021309,-0.018898,0,0
rest,2,369200.0,-0.020115,-0.018321,0,0
rest,2,369300.0,-0.015748,-0.020576,0,0
rest,2,369400.0,-0.015083,-0.015290,0,0
rest,2,369500.0,-0.016181,-0.019802,0,0
rest,2,369600.0,-0.022690,-0.019262,0,0
rest,2,369700.0,-0.020086,-0.018605,0,0
rest,2,369800.0,-0.020408,-0.018898,0,0
rest,2,369900.0,-0.021309,-0.009569,0,0
rest,2,370000.0,-0.021374,-0.015949,0,0
rest,2,370100.0,-0.018663,-0.018957,0,0
rest,2,370200.0,-0.017621,-0.018127,0,0
rest,2,370300.0,-0.015337,-0.015748,0,0
rest,2,370400.0,-0.018377,-0.015038,0,0
rest,2,370500.0,-0.017493,-0.018547,0,0
rest,2,370600.0,-0.018154,-0.018898,0,0
rest,2,370700.0,-0.018405,-0.012780,0,0
rest,2,370800.0,-0.018927,-0.017331,0,0
rest,2,370900.0,-0.021277,-0.018633,0,0
rest,2,371000.0,-0.018809,-0.017094,0,0
rest,2,371100.0,-0.015873,-0.017391,0,0
rest,2,371200.0,-0.017442,-0.016667,0,0
rest,2,371300.0,-0.020202,-0.020000,0,0
rest,2,371400.0,-0.019971,-0.015290,0,0
rest,2,371500.0,-0.018209,-0.012598,0,0
rest,2,371600.0,-0.021909,-0.019108,0,0
rest,2,371700.0,-0.021944,-0.018957,0,0
rest,2,371800.0,-0.021277,-0.022222,0,0
rest,2,371900.0,-0.019971,-0.021841,0,0
rest,2,372000.0,-0.015198,-0.020339,0,0
rest,2,372100.0,-0.015361,-0.022222,0,0
rest,2,372200.0,-0.015361,-0.022544,0,0
rest,2,372300.0,-0.018605,-0.018957,0,0
rest,2,372400.0,-0.020086,-0.024502,0,0
rest,2,372500.0,-0.024961,-0.024502,0,0
rest,2,372600.0,-0.024540,-0.025000,0,0
rest,2,372700.0,-0.019048,-0.021605,0,0
rest,2,372800.0,-0.018349,-0.024806,0,0
rest,2,372900.0,-0.018237,-0.024922,0,0
rest,2,373000.0,-0.020438,-0.021440,0,0
rest,2,373100.0,-0.020619,-0.022181,0,0
rest,2,373200.0,-0.023704,-0.025316,0,0
rest,2,373300.0,-0.023460,-0.015552,0,0
rest,2,373400.0,-0.023599,-0.015898,0,0
rest,2,373500.0,-0.023952,-0.018182,0,0
rest,2,373600.0,-0.028169,-0.038889,0,0
rest,2,373700.0,-0.017417,-0.022364,0,0
rest,2,373800.0,-0.017518,-0.028571,0,0
rest,2,373900.0,-0.018149,-0.026359,0,0
rest,2,374000.0,-0.014625,-0.025118,0,0
rest,2,374100.0,-0.015723,-0.021638,0,0
rest,2,374200.0,-0.024221,-0.025682,0,0
rest,2,374300.0,-0.023529,-0.021084,0,0
rest,2,374400.0,-0.015823,-0.018957,0,0
rest,2,374500.0,-0.020990,-0.024578,0,0
rest,2,374600.0,-0.023774,-0.022508,0,0
rest,2,374700.0,-0.017167,-0.024845,0,0
rest,2,374800.0,-0.017518,-0.021944,0,0
rest,2,374900.0,-0.011905,-0.026446,0,0
rest,2,375000.0,-0.019943,-0.024206,0,0
rest,2,375100.0,-0.017467,-0.018265,0,0
rest,2,375200.0,-0.017143,-0.018519,0,0
rest,2,375300.0,-0.020260,-0.024615,0,0
rest,2,375400.0,-0.017217,-0.021978,0,0
rest,2,375500.0,-0.018154,-0.015699,0,0
rest,2,375600.0,-0.017991,-0.013483,0,0
rest,2,375700.0,-0.020679,-0.015625,0,0
rest,2,375800.0,-0.012480,-0.020583,0,0
rest,2,375900.0,-0.017266,-0.021841,0,0
rest,2,376000.0,-0.016287,-0.018838,0,0
rest,2,376100.0,-0.018519,-0.018377,0,0
rest,2,376200.0,-0.018663,-0.021773,0,0
rest,2,376300.0,-0.015408,-0.021277,0,0
rest,2,376400.0,-0.019943,-0.018237,0,0
rest,2,376500.0,-0.018433,-0.018750,0,0
rest,2,376600.0,-0.016807,-0.021672,0,0
rest,2,376700.0,-0.019355,-0.024691,0,0
rest,2,376800.0,-0.014265,-0.021538,0,0
rest,2,376900.0,-0.020408,-0.020080,0,0
rest,2,377000.0,-0.021021,-0.020583,0,0
rest,2,377100.0,-0.023217,-0.024000,0,0
rest,2,377200.0,-0.021909,-0.019157,0,0
rest,2,377300.0,-0.018605,-0.017241,0,0
rest,2,377400.0,-0.020802,-0.019480,0,0
rest,2,377500.0,-0.022117,-0.018750,0,0
rest,2,377600.0,-0.018576,-0.018377,0,0
rest,2,377700.0,-0.022364,-0.021705,0,0
rest,2,377800.0,-0.018433,-0.015504,0,0
rest,2,377900.0,-0.018405,-0.021309,0,0
rest,2,378000.0,-0.017937,-0.022508,0,0
rest,2,378100.0,-0.023141,-0.032483,0,0
rest,2,378200.0,-0.017699,-0.018838,0,0
rest,2,378300.0,-0.020990,-0.024465,0,0
rest,2,378400.0,-0.021407,-0.019139,0,0
rest,2,378500.0,-0.021244,-0.019169,0,0
rest,2,378600.0,-0.015949,-0.021978,0,0
rest,2,378700.0,-0.017366,-0.024768,0,0
rest,2,378800.0,-0.018127,-0.029703,0,0
rest,2,378900.0,-0.018045,-0.026846,0,0
rest,2,379000.0,-0.017192,-0.015528,0,0
rest,2,379100.0,-0.017167,-0.015601,0,0
rest,2,379200.0,-0.020558,-0.026718,0,0
rest,2,379300.0,-0.014641,-0.021148,0,0
rest,2,379400.0,-0.018072,-0.021341,0,0
rest,2,379500.0,-0.023346,-0.018293,0,0
rest,2,379600.0,0.000000,-0.022328,0,0
rest,2,379700.0,-0.020679,-0.024133,0,0
rest,2,379800.0,-0.022258,-0.024845,0,0
rest,2,379900.0,-0.017442,-0.022617,0,0
rest,2,380000.0,-0.019835,-0.024729,0,0
rest,2,380100.0,-0.015649,-0.022727,0,0
rest,2,380200.0,-0.015290,-0.010152,0,0
rest,2,380300.0,-0.019704,-0.019544,0,0
rest,2,380400.0,-0.019324,-0.027833,0,0
rest,2,380500.0,-0.016181,-0.018519,0,0
rest,2,380600.0,-0.018018,-0.018209,0,0
rest,2,380700.0,-0.018692,-0.021374,0,0
rest,2,380800.0,-0.021244,-0.016920,0,0
rest,2,380900.0,-0.018349,-0.021705,0,0
rest,2,381000.0,-0.021212,-0.015798,0,0
rest,2,381100.0,-0.017493,-0.015848,0,0
rest,2,381200.0,-0.017167,-0.015723,0,0
rest,2,381300.0,-0.017518,-0.015290,0,0
rest,2,381400.0,-0.014793,-0.019570,0,0
rest,2,381500.0,-0.016474,-0.022222,0,0
rest,2,381600.0,-0.019943,-0.024206,0,0
rest,2,381700.0,-0.020927,-0.021244,0,0
rest,2,381800.0,-0.026365,-0.027273,0,0
rest,2,381900.0,-0.021277,-0.021638,0,0
rest,2,382000.0,-0.020468,-0.015798,0,0
rest,2,382100.0,-0.015873,-0.019881,0,0
rest,2,382200.0,-0.021212,-0.024060,0,0
rest,2,382300.0,-0.017118,-0.018209,0,0
rest,2,382400.0,-0.021212,-0.021638,0,0
rest,2,382500.0,-0.021239,-0.025000,0,0
rest,2,382600.0,-0.019971,-0.024390,0,0
rest,2,382700.0,-0.020619,-0.025271,0,0
rest,2,382800.0,-0.020438,-0.018809,0,0
rest,2,382900.0,-0.019971,-0.023916,0,0
rest,2,383000.0,-0.017621,-0.026016,0,0
rest,2,383100.0,-0.012121,-0.030107,0,0
rest,2,383200.0,-0.014598,-0.015649,0,0
rest,2,383300.0,-0.017595,-0.018898,0,0
rest,2,383400.0,-0.020057,-0.015175,0,0
rest,2,383500.0,-0.017266,-0.018750,0,0
rest,2,383600.0,-0.018547,-0.018987,0,0
rest,2,383700.0,-0.018045,-0.018154,0,0
rest,2,383800.0,-0.018265,-0.021277,0,0
rest,2,383900.0,-0.021180,-0.015198,0,0
rest,2,384000.0,-0.021277,-0.018519,0,0
rest,2,384100.0,-0.019640,-0.022857,0,0
rest,2,384200.0,-0.019640,-0.019268,0,0
rest,2,384300.0,-0.017778,-0.021212,0,0
rest,2,384400.0,-0.017647,-0.022544,0,0
rest,2,384500.0,-0.015748,-0.022556,0,0
rest,2,384600.0,-0.024641,-0.024648,0,0
rest,2,384700.0,-0.017778,-0.018721,0,0
rest,2,384800.0,-0.018797,-0.026187,0,0
rest,2,384900.0,-0.020528,-0.021807,0,0
rest,2,385000.0,-0.017167,-0.018490,0,0
rest,2,385100.0,-0.021505,-0.026266,0,0
rest,2,385200.0,-0.017518,-0.027994,0,0
rest,2,385300.0,-0.021909,-0.021938,0,0
rest,2,385400.0,-0.018663,-0.030075,0,0
rest,2,385500.0,-0.020528,-0.022047,0,0
rest,2,385600.0,-0.019480,-0.016032,0,0
rest,2,385700.0,-0.020319,-0.024353,0,0
rest,2,385800.0,-0.019943,-0.018127,0,0
rest,2,385900.0,-0.018838,-0.018622,0,0
rest,2,386000.0,-0.015432,-0.018209,0,0
rest,2,386100.0,-0.016484,-0.027548,0,0
rest,2,386200.0,-0.019943,-0.024540,0,0
rest,2,386300.0,-0.021116,-0.025237,0,0
rest,2,386400.0,-0.020231,-0.012618,0,0
rest,2,386500.0,-0.019971,-0.023916,0,0
rest,2,386600.0,-0.015152,-0.021084,0,0
rest,2,386700.0,-0.020654,0.000000,0,0
rest,2,386800.0,-0.020029,-0.021084,0,0
rest,2,386900.0,-0.017391,-0.023810,0,0
rest,2,387000.0,-0.018349,-0.024615,0,0
rest,2,387100.0,-0.021244,-0.023704,0,0
rest,2,387200.0,-0.017143,-0.024806,0,0
rest,2,387300.0,-0.019971,-0.018154,0,0
rest,2,387400.0,-0.020408,-0.028302,0,0
rest,2,387500.0,-0.021341,-0.018519,0,0
rest,2,387600.0,-0.020086,-0.024540,0,0
rest,2,387700.0,-0.019971,-0.021572,0,0
rest,2,387800.0,-0.015267,-0.014467,0,0
rest,2,387900.0,-0.018750,-0.015594,0,0
rest,2,388000.0,-0.018750,-0.024348,0,0
rest,2,388100.0,-0.019386,-0.027184,0,0
rest,2,388200.0,-0.018391,-0.037037,0,0
rest,2,388300.0,-0.017366,-0.024169,0,0
rest,2,388400.0,-0.017167,-0.024060,0,0
rest,2,388500.0,-0.018293,-0.027397,0,0
rest,2,388600.0,-0.020679,-0.026087,0,0
rest,2,388700.0,-0.020086,-0.024169,0,0
rest,2,388800.0,-0.017910,-0.027149,0,0
rest,2,388900.0,-0.020231,-0.024024,0,0
rest,2,389000.0,-0.018576,-0.027068,0,0
rest,2,389100.0,-0.015385,-0.027950,0,0
rest,2,389200.0,-0.029474,-0.021909,0,0
rest,2,389300.0,-0.016260,-0.027735,0,0
rest,2,389400.0,-0.022305,-0.022989,0,0
rest,2,389500.0,-0.014815,-0.022876,0,0
rest,2,389600.0,-0.018321,-0.027108,0,0
rest,2,389700.0,-0.012539,-0.028846,0,0
rest,2,389800.0,-0.020468,-0.015083,0,0
rest,2,389900.0,-0.019915,-0.021309,0,0
rest,2,390000.0,-0.021116,-0.020958,0,0
rest,2,390100.0,-0.020290,-0.023988,0,0
rest,2,390200.0,-0.019915,-0.018838,0,0
rest,2,390300.0,-0.019943,-0.017991,0,0
rest,2,390400.0,-0.017341,-0.018547,0,0
rest,2,390500.0,-0.018045,-0.018809,0,0
rest,2,390600.0,-0.018182,-0.018237,0,0
rest,2,390700.0,-0.020833,-0.021538,0,0
rest,2,390800.0,-0.020588,-0.018045,0,0
rest,2,390900.0,-0.016556,-0.023810,0,0
rest,2,391000.0,-0.019231,-0.023569,0,0
rest,2,391100.0,-0.020990,-0.021309,0,0
rest,2,391200.0,-0.021021,-0.017991,0,0
rest,2,391300.0,-0.014535,-0.021053,0,0
rest,2,391400.0,-0.017910,-0.020927,0,0
rest,2,391500.0,-0.020710,-0.020958,0,0
rest,2,391600.0,-0.020588,-0.021180,0,0
rest,2,391700.0,-0.018307,-0.009174,0,0
rest,2,391800.0,-0.015408,-0.020378,0,0
rest,2,391900.0,-0.018692,0.000000,0,0
rest,2,392000.0,-0.020833,-0.021572,0,0
rest,2,392100.0,-0.015198,-0.021705,0,0
rest,2,392200.0,-0.020173,-0.021538,0,0
rest,2,392300.0,-0.022801,-0.023774,0,0
rest,2,392400.0,-0.022617,-0.025806,0,0
rest,2,392500.0,-0.018663,-0.019480,0,0
rest,2,392600.0,-0.020468,-0.025478,0,0
rest,2,392700.0,-0.016340,-0.025559,0,0
rest,2,392800.0,-0.016026,-0.030132,0,0
rest,2,392900.0,-0.020513,-0.025397,0,0
rest,2,393000.0,-0.020290,-0.018605,0,0
rest,2,393100.0,-0.020260,-0.021672,0,0
rest,2,393200.0,-0.020895,-0.018663,0,0
rest,2,393300.0,-0.021309,-0.020833,0,0
rest,2,393400.0,-0.021053,-0.021440,0,0
rest,2,393500.0,-0.017143,-0.024465,0,0
rest,2,393600.0,-0.017442,-0.024845,0,0
rest,2,393700.0,-0.020558,-0.021244,0,0
rest,2,393800.0,-0.016194,-0.037915,0,0
rest,2,393900.0,-0.020864,-0.023324,0,0
rest,2,394000.0,-0.019108,-0.019576,0,0
rest,2,394100.0,-0.018265,-0.021538,0,0
rest,2,394200.0,-0.014771,-0.021572,0,0
rest,2,394300.0,-0.014354,-0.023217,0,0
rest,2,394400.0,-0.020378,-0.018018,0,0
rest,2,394500.0,-0.013356,-0.018519,0,0
rest,2,394600.0,-0.021440,-0.024060,0,0
rest,2,394700.0,-0.015209,-0.024806,0,0
rest,2,394800.0,-0.021053,-0.022047,0,0
rest,2,394900.0,-0.020231,-0.018721,0,0
rest,2,395000.0,-0.020710,-0.024428,0,0
rest,2,395100.0,-0.015060,-0.020438,0,0
rest,2,395200.0,-0.017417,-0.024133,0,0
rest,2,395300.0,-0.020528,-0.024133,0,0
rest,2,395400.0,-0.021572,-0.046296,0,0
rest,2,395500.0,-0.017391,-0.024729,0,0
rest,2,395600.0,-0.018868,-0.026826,0,0
rest,2,395700.0,-0.022328,-0.026549,0,0
rest,2,395800.0,-0.020067,-0.028346,0,0
rest,2,395900.0,-0.020619,-0.027027,0,0
rest,2,396000.0,-0.020319,-0.027565,0,0
rest,2,396100.0,-0.019971,-0.024390,0,0
rest,2,396200.0,-0.020319,-0.024428,0,0
rest,2,396300.0,-0.021440,-0.024169,0,0
rest,2,396400.0,-0.018237,-0.024316,0,0
rest,2,396500.0,-0.020086,-0.013029,0,0
rest,2,396600.0,-0.018433,-0.024024,0,0
rest,2,396700.0,-0.019386,-0.028169,0,0
rest,2,396800.0,-0.017291,-0.023916,0,0
rest,2,396900.0,-0.023256,-0.028213,0,0
rest,2,397000.0,-0.020260,-0.024653,0,0
rest,2,397100.0,-0.020679,-0.026201,0,0
rest,2,397200.0,-0.021374,-0.024221,0,0
rest,2,397300.0,-0.022082,-0.024242,0,0
rest,2,397400.0,-0.017391,-0.026906,0,0
rest,2,397500.0,-0.021180,-0.027439,0,0
rest,2,397600.0,-0.020438,-0.026946,0,0
rest,2,397700.0,-0.022013,-0.024615,0,0
rest,2,397800.0,-0.020349,-0.027068,0,0
rest,2,397900.0,-0.020319,-0.021538,0,0
rest,2,398000.0,-0.017831,-0.015060,0,0
rest,2,398100.0,-0.020772,-0.018072,0,0
rest,2,398200.0,-0.021084,-0.021605,0,0
rest,2,398300.0,-0.018987,-0.021978,0,0
rest,2,398400.0,-0.016474,-0.018182,0,0
rest,2,398500.0,-0.020144,-0.025197,0,0
rest,2,398600.0,-0.017217,-0.027523,0,0
rest,2,398700.0,-0.020144,-0.024060,0,0
rest,2,398800.0,-0.020528,-0.028571,0,0
rest,2,398900.0,-0.020349,-0.021180,0,0
rest,2,399000.0,-0.018209,-0.024024,0,0
rest,2,399100.0,-0.019886,-0.018018,0,0
rest,2,399200.0,-0.023372,-0.019841,0,0
rest,2,399300.0,-0.017192,-0.024502,0,0
rest,2,399400.0,-0.019293,-0.021672,0,0
rest,2,399500.0,-0.017167,-0.027864,0,0
rest,2,399600.0,-0.014368,-0.027273,0,0
rest,2,399700.0,-0.018237,-0.027481,0,0
rest,2,399800.0,-0.017045,-0.020990,0,0
rest,2,399900.0,-0.019200,-0.023392,0,0
rest,2,400000.0,-0.020373,-0.025682,0,0
rest,2,400100.0,-0.013072,-0.029520,0,0
rest,2,400200.0,-0.020202,-0.027314,0,0
rest,2,400300.0,-0.020115,-0.027821,0,0
rest,2,400400.0,-0.017804,-0.026277,0,0
rest,2,400500.0,-0.020029,-0.027994,0,0
rest,2,400600.0,-0.017045,-0.027821,0,0
rest,2,400700.0,-0.014577,-0.027273,0,0
rest,2,400800.0,-0.021309,-0.027027,0,0
rest,2,400900.0,-0.019915,-0.023952,0,0
rest,2,401000.0,-0.020000,-0.021053,0,0
rest,2,401100.0,-0.019971,-0.023952,0,0
rest,2,401200.0,-0.019971,-0.023988,0,0
rest,2,401300.0,-0.017621,-0.023916,0,0
rest,2,401400.0,-0.017070,-0.024353,0,0
rest,2,401500.0,-0.017070,-0.022508,0,0
rest,2,401600.0,-0.021898,-0.024000,0,0
rest,2,401700.0,-0.021638,-0.028846,0,0
rest,2,401800.0,-0.019858,-0.027735,0,0
rest,2,401900.0,-0.013986,-0.025559,0,0
rest,2,402000.0,-0.017118,-0.027231,0,0
rest,2,402100.0,-0.019858,-0.027149,0,0
rest,2,402200.0,-0.017266,-0.024465,0,0
rest,2,402300.0,-0.018265,-0.021638,0,0
rest,2,402400.0,-0.018433,-0.023460,0,0
rest,2,402500.0,-0.019971,-0.024502,0,0
rest,2,402600.0,-0.017857,-0.019078,0,0
rest,2,402700.0,-0.021212,-0.022258,0,0
rest,2,402800.0,-0.019858,-0.027692,0,0
rest,2,402900.0,-0.020000,-0.024615,0,0
rest,2,403000.0,-0.021239,-0.027692,0,0
rest,2,403100.0,-0.017045,-0.024279,0,0
rest,2,403200.0,-0.017045,-0.024883,0,0
rest,2,403300.0,-0.017241,-0.026906,0,0
rest,2,403400.0,-0.018293,-0.024242,0,0
rest,2,403500.0,-0.019915,-0.027027,0,0
rest,2,403600.0,-0.017045,-0.021180,0,0
rest,2,403700.0,-0.017143,-0.021053,0,0
rest,2,403800.0,-0.017266,-0.027068,0,0
rest,2,403900.0,-0.021309,-0.027735,0,0
rest,2,404000.0,-0.019886,-0.024096,0,0
rest,2,404100.0,-0.017241,-0.024729,0,0
rest,2,404200.0,-0.017884,-0.024096,0,0
rest,2,404300.0,-0.018490,-0.023988,0,0
rest,2,404400.0,-0.020319,-0.027027,0,0
rest,2,404500.0,-0.021638,-0.018405,0,0
rest,2,404600.0,-0.019886,-0.024169,0,0
rest,2,404700.0,-0.020000,-0.020927,0,0
rest,2,404800.0,-0.019830,-0.024502,0,0
rest,2,404900.0,-0.018209,-0.024060,0,0
rest,2,405000.0,-0.020498,-0.024653,0,0
rest,2,405100.0,-0.021309,-0.018779,0,0
rest,2,405200.0,-0.018838,-0.024806,0,0
rest,2,405300.0,-0.021605,-0.023426,0,0
rest,2,405400.0,-0.019858,-0.022472,0,0
rest,2,405500.0,-0.021605,-0.021978,0,0
rest,2,405600.0,-0.025370,-0.026786,0,0
rest,2,405700.0,-0.018072,-0.027692,0,0
rest,2,405800.0,-0.021341,-0.024502,0,0
rest,2,405900.0,-0.021472,-0.019355,0,0
rest,2,406000.0,-0.022825,-0.022013,0,0
rest,2,406100.0,-0.023810,-0.012214,0,0
rest,2,406200.0,-0.020833,-0.026866,0,0
rest,2,406300.0,-0.017910,-0.026906,0,0
rest,2,406400.0,-0.019943,-0.023222,0,0
rest,2,406500.0,-0.024279,-0.025276,0,0
rest,2,406600.0,-0.021021,-0.020802,0,0
rest,2,406700.0,-0.019915,-0.022544,0,0
rest,2,406800.0,-0.022727,-0.020802,0,0
rest,2,406900.0,-0.021605,-0.020833,0,0
rest,2,407000.0,-0.017884,-0.021672,0,0
rest,2,407100.0,-0.020864,-0.019108,0,0
rest,2,407200.0,-0.021505,-0.015798,0,0
rest,2,407300.0,-0.023881,-0.017964,0,0
rest,2,407400.0,-0.021440,-0.020895,0,0
rest,2,407500.0,-0.021180,-0.020833,0,0
rest,2,407600.0,-0.021244,-0.009615,0,0
rest,2,407700.0,-0.020619,-0.021505,0,0
rest,2,407800.0,-0.020000,-0.018868,0,0
rest,2,407900.0,-0.023358,-0.015748,0,0
rest,2,408000.0,-0.023392,-0.018433,0,0
rest,2,408100.0,-0.024653,-0.022544,0,0
rest,2,408200.0,-0.021638,-0.019480,0,0
rest,2,408300.0,-0.020319,-0.016051,0,0
rest,2,408400.0,-0.016077,-0.015552,0,0
rest,2,408500.0,-0.024390,-0.009217,0,0
rest,2,408600.0,-0.017673,-0.015798,0,0
rest,2,408700.0,-0.022581,-0.015748,0,0
rest,2,408800.0,-0.021875,-0.022013,0,0
rest,2,408900.0,-0.023739,-0.024502,0,0
rest,2,409000.0,-0.012841,-0.025078,0,0
rest,2,409100.0,-0.021352,-0.021309,0,0
rest,2,409200.0,-0.019915,-0.021116,0,0
rest,2,409300.0,-0.022695,-0.024540,0,0
rest,2,409400.0,-0.018248,-0.021084,0,0
rest,2,409500.0,-0.024206,-0.023881,0,0
rest,2,409600.0,-0.021220,-0.025039,0,0
rest,2,409700.0,-0.021572,-0.021440,0,0
rest,2,409800.0,-0.019830,-0.024279,0,0
rest,2,409900.0,-0.025397,-0.014970,0,0
rest,2,410000.0,-0.017366,-0.020990,0,0
rest,2,410100.0,-0.019449,-0.017021,0,0
rest,2,410200.0,-0.022989,-0.020895,0,0
rest,2,410300.0,-0.020649,-0.018868,0,0
rest,2,410400.0,-0.018209,-0.017991,0,0
rest,2,410500.0,-0.018127,-0.021021,0,0
rest,2,410600.0,-0.018663,-0.024502,0,0
rest,2,410700.0,-0.024316,-0.018127,0,0
rest,2,410800.0,-0.020115,-0.020895,0,0
rest,2,410900.0,-0.017937,-0.024096,0,0
rest,2,411000.0,-0.022923,-0.023916,0,0
rest,2,411100.0,-0.023358,-0.024169,0,0
rest,2,411200.0,-0.024806,-0.018987,0,0
rest,2,411300.0,-0.022663,-0.018957,0,0
rest,2,411400.0,-0.022631,-0.023810,0,0
rest,2,411500.0,-0.022631,-0.021374,0,0
rest,2,411600.0,-0.021638,-0.023810,0,0
rest,2,411700.0,-0.023460,-0.021807,0,0
rest,2,411800.0,-0.023609,-0.020690,0,0
rest,2,411900.0,-0.023891,-0.029126,0,0
rest,2,412000.0,-0.024428,-0.024428,0,0
rest,2,412100.0,-0.032653,-0.023952,0,0
rest,2,412200.0,-0.021807,-0.016778,0,0
rest,2,412300.0,-0.021309,-0.023988,0,0
rest,2,412400.0,-0.015957,-0.019048,0,0
rest,2,412500.0,-0.022472,-0.015576,0,0
rest,2,412600.0,-0.020558,-0.018898,0,0
rest,2,412700.0,-0.022364,-0.022013,0,0
rest,2,412800.0,-0.018349,-0.020498,0,0
rest,2,412900.0,-0.022508,-0.025397,0,0
rest,2,413000.0,-0.020558,-0.020895,0,0
rest,2,413100.0,-0.023324,-0.021505,0,0
rest,2,413200.0,-0.020378,-0.023988,0,0
rest,2,413300.0,-0.023952,-0.023088,0,0
rest,2,413400.0,-0.024540,-0.020864,0,0
rest,2,413500.0,-0.024169,-0.023460,0,0
rest,2,413600.0,-0.020144,-0.021672,0,0
rest,2,413700.0,-0.022825,-0.021841,0,0
rest,2,413800.0,-0.023845,-0.012780,0,0
rest,2,413900.0,-0.020231,-0.023952,0,0
rest,2,414000.0,-0.024048,-0.018405,0,0
rest,2,414100.0,-0.020290,-0.012480,0,0
rest,2,414200.0,-0.014970,-0.018100,0,0
rest,2,414300.0,-0.014409,-0.021841,0,0
rest,2,414400.0,-0.015060,-0.020895,0,0
rest,2,414500.0,-0.018265,-0.018100,0,0
rest,2,414600.0,-0.020558,-0.024502,0,0
rest,2,414700.0,-0.020260,-0.015552,0,0
rest,2,414800.0,-0.023022,-0.021374,0,0
rest,2,414900.0,-0.020378,-0.018045,0,0
rest,2,415000.0,-0.020144,-0.023460,0,0
rest,2,415100.0,-0.023358,-0.015175,0,0
rest,2,415200.0,-0.023988,-0.021505,0,0
rest,2,415300.0,-0.023904,-0.020619,0,0
rest,2,415400.0,-0.022082,-0.019169,0,0
rest,2,415500.0,-0.020498,-0.020864,0,0
rest,2,415600.0,-0.023155,-0.021084,0,0
rest,2,415700.0,-0.021277,-0.021841,0,0
rest,2,415800.0,-0.023916,-0.015152,0,0
rest,2,415900.0,-0.019231,-0.006993,0,0
rest,2,416000.0,-0.023121,-0.021341,0,0
rest,2,416100.0,-0.023634,-0.012048,0,0
rest,2,416200.0,-0.023222,-0.017417,0,0
rest,2,416300.0,-0.021180,-0.022801,0,0
rest,2,416400.0,-0.019737,-0.018838,0,0
rest,2,416500.0,-0.020588,-0.021440,0,0
rest,2,416600.0,-0.023952,-0.015949,0,0
rest,2,416700.0,-0.023495,-0.012158,0,0
rest,2,416800.0,-0.023155,-0.021440,0,0
rest,2,416900.0,-0.023564,-0.018576,0,0
rest,2,417000.0,-0.024024,-0.017910,0,0
rest,2,417100.0,-0.021021,-0.025078,0,0
rest,2,417200.0,-0.023222,-0.023916,0,0
rest,2,417300.0,-0.020319,-0.021739,0,0
rest,2,417400.0,-0.018405,-0.018898,0,0
rest,2,417500.0,-0.023290,-0.024465,0,0
rest,2,417600.0,-0.020958,-0.024390,0,0
rest,2,417700.0,-0.020619,-0.024024,0,0
rest,2,417800.0,-0.023290,-0.024653,0,0
rest,2,417900.0,-0.023188,-0.022082,0,0
rest,2,418000.0,-0.023460,-0.023704,0,0
rest,2,418100.0,-0.020679,-0.020772,0,0
rest,2,418200.0,-0.024653,-0.021084,0,0
rest,2,418300.0,-0.020202,-0.024806,0,0
rest,2,418400.0,-0.017804,-0.023358,0,0
rest,2,418500.0,-0.015723,-0.020408,0,0
rest,2,418600.0,-0.020498,-0.023121,0,0
rest,2,418700.0,-0.024653,-0.024242,0,0
rest,2,418800.0,-0.021341,-0.021212,0,0
rest,2,418900.0,-0.021116,-0.021705,0,0
rest,2,419000.0,-0.021116,-0.018182,0,0
rest,2,419100.0,-0.018377,-0.021605,0,0
rest,2,419200.0,-0.017621,-0.021472,0,0
rest,2,419300.0,-0.021277,-0.023529,0,0
rest,2,419400.0,-0.015060,-0.020772,0,0
rest,2,419500.0,-0.024353,-0.021277,0,0
rest,2,419600.0,-0.024615,-0.019293,0,0
rest,2,419700.0,-0.024133,-0.015361,0,0
rest,2,419800.0,-0.021841,-0.018349,0,0
rest,2,419900.0,-0.020468,-0.023988,0,0
rest,2,420000.0,-0.023634,-0.020679,0,0
rest,2,420100.0,-0.020378,-0.021672,0,0
rest,2,420200.0,-0.023392,-0.021440,0,0
rest,2,420300.0,-0.024169,-0.021505,0,0
rest,2,420400.0,-0.024242,-0.023810,0,0
rest,2,420500.0,-0.023022,-0.025197,0,0
rest,2,420600.0,-0.021116,-0.018547,0,0
rest,2,420700.0,-0.023564,-0.024578,0,0
rest,2,420800.0,-0.023392,-0.023634,0,0
rest,2,420900.0,-0.018663,-0.023769,0,0
rest,2,421000.0,-0.021053,-0.024096,0,0
rest,2,421100.0,-0.017699,-0.018605,0,0
rest,2,421200.0,-0.023845,-0.023599,0,0
rest,2,421300.0,-0.023290,-0.023916,0,0
rest,2,421400.0,-0.023358,-0.023739,0,0
rest,2,421500.0,-0.021212,-0.020895,0,0
rest,2,421600.0,-0.021440,-0.023774,0,0
rest,2,421700.0,-0.024353,-0.021341,0,0
rest,2,421800.0,-0.024096,-0.018605,0,0
rest,2,421900.0,-0.018045,-0.018663,0,0
rest,2,422000.0,-0.021180,-0.021538,0,0
rest,2,422100.0,-0.020438,-0.024390,0,0
rest,2,422200.0,-0.023988,-0.025806,0,0
rest,2,422300.0,-0.017518,-0.018490,0,0
rest,2,422400.0,-0.018779,-0.023324,0,0
rest,2,422500.0,-0.020408,-0.017964,0,0
rest,2,422600.0,-0.017570,-0.023774,0,0
rest,2,422700.0,-0.025806,-0.024206,0,0
rest,2,422800.0,-0.023774,-0.022047,0,0
rest,2,422900.0,-0.023055,-0.024691,0,0
rest,2,423000.0,-0.021834,-0.020134,0,0
rest,2,423100.0,-0.023426,-0.023426,0,0
rest,2,423200.0,-0.025197,-0.021572,0,0
rest,2,423300.0,-0.024096,-0.020649,0,0
rest,2,423400.0,-0.015823,-0.026187,0,0
rest,2,423500.0,-0.015649,-0.021309,0,0
rest,2,423600.0,-0.020231,-0.025078,0,0
rest,2,423700.0,-0.017518,-0.025237,0,0
rest,2,423800.0,-0.023155,-0.019293,0,0
rest,2,423900.0,-0.020990,-0.021909,0,0
rest,2,424000.0,-0.021116,-0.024060,0,0
rest,2,424100.0,-0.023392,-0.021021,0,0
rest,2,424200.0,-0.025600,-0.013699,0,0
rest,2,424300.0,-0.022956,-0.021944,0,0
rest,2,424400.0,-0.020741,-0.022082,0,0
rest,2,424500.0,-0.022047,-0.023256,0,0
rest,2,424600.0,-0.024169,-0.021505,0,0
rest,2,424700.0,-0.032407,-0.020450,0,0
rest,2,424800.0,-0.021773,-0.015974,0,0
rest,2,424900.0,-0.015106,-0.014793,0,0
rest,2,425000.0,-0.015175,-0.020619,0,0
pulse,2,425100.0,0.014535,-0.024911,12,1
pulse,2,425200.0,0.038012,-0.018321,24,0
pulse,2,425300.0,0.026393,-0.024316,22,0
pulse,2,425400.0,0.017493,-0.017857,19,1
pulse,2,425500.0,0.009259,-0.018127,18,2
pulse,2,425600.0,0.006070,-0.018957,19,3
pulse,2,425700.0,0.018692,-0.021944,20,2
pulse,2,425800.0,0.010033,-0.026622,21,1
pulse,2,425900.0,0.011662,-0.025000,21,1
pulse,2,426000.0,0.014472,-0.021021,21,1
pulse,2,426100.0,0.017544,-0.015873,21,4
pulse,2,426200.0,0.015552,-0.018154,22,3
pulse,2,426300.0,0.009119,-0.015244,21,3
pulse,2,426400.0,0.020378,-0.025316,25,0
pulse,2,426500.0,0.018127,-0.024428,25,0
pulse,2,426600.0,0.017341,-0.021472,25,0
pulse,2,426700.0,0.017341,-0.018663,25,3
pulse,2,426800.0,0.017316,-0.015314,25,3
pulse,2,426900.0,0.020772,-0.018490,25,2
pulse,2,427000.0,0.017341,-0.024691,25,-1
pulse,2,427100.0,0.015152,-0.021739,25,1
pulse,2,427200.0,0.017570,-0.012195,26,4
pulse,2,427300.0,0.018349,-0.011940,26,2
pulse,2,427400.0,0.018634,-0.014859,27,1
pulse,2,427500.0,0.012638,-0.025000,28,-1
pulse,2,427600.0,0.023088,-0.024729,28,-1
pulse,2,427700.0,0.003077,-0.024242,25,0
pulse,2,427800.0,0.008798,-0.017699,25,2
pulse,2,427900.0,0.017266,-0.012903,27,2
pulse,2,428000.0,0.019139,-0.015175,28,1
pulse,2,428100.0,0.014749,-0.019048,27,1
pulse,2,428200.0,0.017291,-0.021407,27,1
pulse,2,428300.0,0.017241,-0.021638,27,0
pulse,2,428400.0,0.017442,-0.028617,27,-1
pulse,2,428500.0,0.012177,-0.027190,27,-1
pulse,2,428600.0,0.006135,-0.018100,27,1
pulse,2,428700.0,0.011577,-0.023845,27,0
pulse,2,428800.0,0.009217,-0.011976,28,1
pulse,2,428900.0,0.015337,-0.014815,30,1
pulse,2,429000.0,0.020261,-0.023916,29,0
pulse,2,429100.0,0.009259,-0.024390,28,-1
pulse,2,429200.0,0.017778,-0.023881,29,-1
pulse,2,429300.0,0.014347,-0.011782,29,3
pulse,2,429400.0,0.014472,-0.023256,29,0
pulse,2,429500.0,0.017241,-0.020498,29,0
pulse,2,429600.0,0.007782,-0.019544,29,0
pulse,2,429700.0,0.015083,-0.020438,29,0
pulse,2,429800.0,0.019943,-0.017493,29,1
pulse,2,429900.0,0.017725,-0.017673,30,2
pulse,2,430000.0,0.017217,-0.015152,29,0
pulse,2,430100.0,0.018265,-0.018519,29,0
pulse,2,430200.0,0.017291,-0.021021,29,1
pulse,2,430300.0,0.014368,-0.017570,29,1
pulse,2,430400.0,0.017341,-0.021148,31,1
pulse,2,430500.0,0.020231,-0.021148,32,1
pulse,2,430600.0,0.011645,-0.021978,30,1
pulse,2,430700.0,0.012520,-0.015221,29,1
pulse,2,430800.0,0.012638,-0.022047,29,0
pulse,2,430900.0,0.020144,-0.020710,30,0
pulse,2,431000.0,0.017341,-0.023324,29,-1
pulse,2,431100.0,0.017964,-0.026354,30,-1
pulse,2,431200.0,0.023222,-0.017595,31,1
pulse,2,431300.0,0.019268,-0.010017,30,1
pulse,2,431400.0,0.018634,-0.017621,31,1
pulse,2,431500.0,0.021053,-0.023739,31,0
pulse,2,431600.0,0.023426,-0.020319,32,1
pulse,2,431700.0,0.018182,-0.020528,31,1
pulse,2,431800.0,0.017341,-0.020468,30,0
pulse,2,431900.0,0.020000,-0.023358,31,-1
pulse,2,432000.0,0.020339,-0.018663,31,2
pulse,2,432100.0,0.021148,-0.018154,32,2
pulse,2,432200.0,0.018154,-0.018100,31,1
pulse,2,432300.0,0.015244,-0.018519,31,1
pulse,2,432400.0,0.020029,-0.020558,31,1
pulse,2,432500.0,0.018018,-0.018377,31,1
pulse,2,432600.0,0.020319,-0.023774,31,0
pulse,2,432700.0,0.017910,-0.018018,31,1
pulse,2,432800.0,0.019858,-0.021472,31,1
pulse,2,432900.0,0.020290,-0.022047,31,1
pulse,2,433000.0,0.020231,-0.020260,31,1
pulse,2,433100.0,0.022857,-0.020260,32,1
pulse,2,433200.0,0.020339,-0.027397,32,1
pulse,2,433300.0,0.020231,-0.015038,31,1
pulse,2,433400.0,0.014859,-0.017991,29,0
pulse,2,433500.0,0.017341,-0.017417,30,1
pulse,2,433600.0,0.026049,-0.020349,33,1
pulse,2,433700.0,0.023188,-0.017442,32,1
pulse,2,433800.0,0.013245,-0.018519,32,1
pulse,2,433900.0,0.017266,-0.020990,32,1
pulse,2,434000.0,0.017291,-0.023634,30,0
pulse,2,434100.0,0.020173,-0.023188,31,1
pulse,2,434200.0,0.018576,-0.018433,31,2
pulse,2,434300.0,0.017241,-0.015175,31,3
pulse,2,434400.0,0.020029,-0.018072,32,3
pulse,2,434500.0,0.018605,-0.018484,33,2
pulse,2,434600.0,0.015773,-0.027994,33,0
pulse,2,434700.0,0.019858,-0.020649,32,1
pulse,2,434800.0,0.017341,-0.017804,32,1
pulse,2,434900.0,0.012214,-0.017937,32,3
pulse,2,435000.0,0.014535,-0.020260,31,3
pulse,2,435100.0,0.017673,-0.020290,33,3
pulse,2,435200.0,0.017366,-0.020558,33,3
pulse,2,435300.0,0.018461,-0.020958,33,3
pulse,2,435400.0,0.006349,-0.022364,33,3
pulse,2,435500.0,0.017621,-0.021116,32,2
pulse,2,435600.0,0.019971,-0.017442,33,3
pulse,2,435700.0,0.021374,-0.020588,33,3
pulse,2,435800.0,0.024653,-0.021053,33,3
pulse,2,435900.0,0.012658,-0.018182,33,2
pulse,2,436000.0,0.015552,-0.018154,33,3
pulse,2,436100.0,0.020290,-0.020319,34,3
pulse,2,436200.0,0.012308,-0.011662,33,4
pulse,2,436300.0,0.015905,-0.024014,33,2
pulse,2,436400.0,0.012012,-0.023426,33,2
pulse,2,436500.0,0.017673,-0.024024,33,2
pulse,2,436600.0,0.019943,-0.014514,33,4
pulse,2,436700.0,0.017266,-0.017366,33,4
pulse,2,436800.0,0.017857,-0.026125,33,1
pulse,2,436900.0,0.017595,-0.024206,33,1
pulse,2,437000.0,0.017442,-0.020349,33,2
pulse,2,437100.0,0.020202,-0.017417,33,3
pulse,2,437200.0,0.012066,-0.014577,32,5
pulse,2,437300.0,0.011923,-0.014598,31,3
pulse,2,437400.0,0.012232,-0.017467,32,3
pulse,2,437500.0,0.020115,-0.023324,34,1
pulse,2,437600.0,0.015798,-0.017673,34,3
pulse,2,437700.0,0.009174,-0.020231,31,3
pulse,2,437800.0,0.017725,-0.018072,32,2
pulse,2,437900.0,0.018779,-0.022764,33,2
pulse,2,438000.0,0.023495,-0.018154,33,3
pulse,2,438100.0,0.012320,-0.017361,33,4
pulse,2,438200.0,0.023460,-0.015106,33,4
pulse,2,438300.0,0.015015,-0.021084,32,3
pulse,2,438400.0,0.020144,-0.020498,34,2
pulse,2,438500.0,0.021472,-0.025316,34,1
pulse,2,438600.0,0.017217,-0.020260,32,3
pulse,2,438700.0,0.014881,-0.017341,33,4
pulse,2,438800.0,0.014514,-0.020290,33,3
pulse,2,438900.0,0.012048,-0.020958,33,3
pulse,2,439000.0,0.020833,-0.020290,36,2
pulse,2,439100.0,0.019139,-0.016393,36,3
pulse,2,439200.0,0.020958,-0.023988,36,3
pulse,2,439300.0,0.012552,-0.008621,33,4
pulse,2,439400.0,0.017143,-0.017518,34,4
pulse,2,439500.0,0.019943,-0.023634,35,2
pulse,2,439600.0,0.023988,-0.027994,36,2
pulse,2,439700.0,0.019943,-0.017621,35,4
pulse,2,439800.0,0.016155,-0.022436,34,3
pulse,2,439900.0,0.017725,-0.024502,34,3
pulse,2,440000.0,0.009772,-0.019900,34,3
pulse,2,440100.0,0.020057,-0.017570,37,5
pulse,2,440200.0,0.026087,-0.017570,37,5
pulse,2,440300.0,0.020438,-0.020408,35,4
pulse,2,440400.0,0.009464,-0.021875,33,5
pulse,2,440500.0,0.015152,-0.022328,34,5
pulse,2,440600.0,0.023774,-0.018154,36,6
pulse,2,440700.0,0.021374,-0.024578,35,4
pulse,2,440800.0,0.017291,-0.017937,35,5
pulse,2,440900.0,0.013730,-0.024096,35,4
pulse,2,441000.0,0.022544,-0.017366,35,6
pulse,2,441100.0,0.020173,-0.020202,35,5
pulse,2,441200.0,0.023952,-0.022047,36,5
pulse,2,441300.0,0.015060,-0.023916,35,4
pulse,2,441400.0,0.017910,-0.024133,35,3
pulse,2,441500.0,0.018518,-0.017241,35,3
pulse,2,441600.0,0.017416,-0.020438,35,3
pulse,2,441700.0,0.018237,-0.009217,35,4
pulse,2,441800.0,0.014306,-0.014925,35,6
pulse,2,441900.0,0.023155,-0.017417,36,5
pulse,2,442000.0,0.020202,-0.014749,35,5
pulse,2,442100.0,0.014620,-0.023426,35,4
pulse,2,442200.0,0.012195,-0.023426,35,4
pulse,2,442300.0,0.012158,-0.017366,35,6
pulse,2,442400.0,0.017647,-0.017493,36,5
pulse,2,442500.0,0.020772,-0.017391,36,5
pulse,2,442600.0,0.012214,-0.017467,34,5
pulse,2,442700.0,0.018377,-0.020231,34,4
pulse,2,442800.0,0.012214,-0.015267,34,6
pulse,2,442900.0,0.020408,-0.018293,35,6
pulse,2,443000.0,0.018265,-0.020558,36,5
pulse,2,443100.0,0.021605,-0.020498,36,5
pulse,2,443200.0,0.023188,-0.020679,36,4
pulse,2,443300.0,0.021180,-0.023881,36,4
pulse,2,443400.0,0.011611,-0.020619,33,5
pulse,2,443500.0,0.015432,-0.020895,34,5
pulse,2,443600.0,0.028037,-0.017673,37,6
pulse,2,443700.0,0.018547,-0.011817,36,6
pulse,2,443800.0,0.013008,-0.027273,35,3
pulse,2,443900.0,0.015221,-0.020710,35,3
pulse,2,444000.0,0.020290,-0.015106,36,6
pulse,2,444100.0,0.019078,-0.017647,36,6
pulse,2,444200.0,0.015174,-0.021572,36,4
pulse,2,444300.0,0.018018,-0.023634,36,4
pulse,2,444400.0,0.026906,-0.021053,37,6
pulse,2,444500.0,0.023188,-0.020895,37,6
pulse,2,444600.0,0.014514,-0.014728,35,6
pulse,2,444700.0,0.017391,-0.020741,36,6
pulse,2,444800.0,0.019048,-0.014970,36,6
pulse,2,444900.0,0.015975,-0.023669,36,4
pulse,2,445000.0,0.023599,-0.017725,37,5
pulse,2,445100.0,0.015060,-0.021116,36,6
pulse,2,445200.0,0.013136,-0.015337,36,7
pulse,2,445300.0,0.012048,-0.017884,35,6
pulse,2,445400.0,0.015385,-0.021978,36,4
pulse,2,445500.0,0.013865,-0.027950,37,4
pulse,2,445600.0,0.016129,-0.012121,37,8
pulse,2,445700.0,0.018809,-0.020958,35,6
pulse,2,445800.0,0.015898,-0.018072,35,6
pulse,2,445900.0,0.018868,-0.026986,35,4
pulse,2,446000.0,0.017544,-0.020833,35,4
pulse,2,446100.0,0.014556,-0.014948,36,7
pulse,2,446200.0,0.015798,-0.020619,37,6
pulse,2,446300.0,0.026826,-0.017857,39,6
pulse,2,446400.0,0.018868,-0.017964,38,5
pulse,2,446500.0,0.019737,-0.024390,37,4
pulse,2,446600.0,0.015949,-0.023599,36,5
pulse,2,446700.0,0.018127,-0.021084,37,6
pulse,2,446800.0,0.025437,-0.013865,40,7
pulse,2,446900.0,0.022258,-0.015974,39,7
pulse,2,447000.0,0.015552,-0.021244,38,6
pulse,2,447100.0,0.012658,-0.020710,38,5
pulse,2,447200.0,0.019737,-0.024096,39,4
pulse,2,447300.0,0.016051,-0.021021,39,5
pulse,2,447400.0,0.017910,-0.021407,40,6
pulse,2,447500.0,0.012195,-0.017937,39,6
pulse,2,447600.0,0.012882,-0.020649,39,6
pulse,2,447700.0,0.021180,-0.017673,39,6
pulse,2,447800.0,0.020374,-0.020067,39,6
pulse,2,447900.0,0.018293,-0.023845,39,5
pulse,2,448000.0,0.019835,-0.017442,39,5
pulse,2,448100.0,0.021212,-0.020833,40,5
pulse,2,448200.0,0.018957,-0.020649,38,5
pulse,2,448300.0,0.019737,-0.024133,38,5
pulse,2,448400.0,0.022329,-0.012442,39,6
pulse,2,448500.0,0.027778,-0.015625,39,6
pulse,2,448600.0,0.021538,-0.018349,39,6
pulse,2,448700.0,0.021374,-0.024390,39,6
pulse,2,448800.0,0.024096,-0.018072,40,6
pulse,2,448900.0,0.020864,-0.020649,40,6
pulse,2,449000.0,0.020057,-0.018868,39,7
pulse,2,449100.0,0.020319,-0.021148,39,7
pulse,2,449200.0,0.021127,-0.017884,39,6
pulse,2,449300.0,0.022472,-0.023634,39,6
pulse,2,449400.0,0.020319,-0.017857,39,7
pulse,2,449500.0,0.018987,-0.021505,39,7
pulse,2,449600.0,0.017266,-0.020833,39,6
pulse,2,449700.0,0.019769,-0.023774,39,4
pulse,2,449800.0,0.015674,-0.022581,39,5
pulse,2,449900.0,0.025932,-0.017570,40,7
pulse,2,450000.0,0.023988,-0.018433,40,7
rest,3,450100.0,0.024883,-0.017910,0,0
rest,3,450200.0,0.022857,-0.024133,0,0
rest,3,450300.0,0.023609,-0.017804,0,0
rest,3,450400.0,0.023460,-0.014881,0,0
rest,3,450500.0,0.023460,-0.017751,0,0
rest,3,450600.0,0.023188,-0.018018,0,0
rest,3,450700.0,0.023649,-0.012500,0,0
rest,3,450800.0,0.023088,-0.015337,0,0
rest,3,450900.0,0.026230,-0.014749,0,0
rest,3,451000.0,0.065116,-0.020802,0,0
rest,3,451100.0,0.053812,-0.018692,0,0
rest,3,451200.0,0.015699,-0.022436,0,0
rest,3,451300.0,0.023222,-0.020802,0,0
rest,3,451400.0,0.020989,-0.017751,0,0
rest,3,451500.0,0.018779,-0.022082,0,0
rest,3,451600.0,0.023155,-0.017725,0,0
rest,3,451700.0,0.023256,-0.020649,0,0
rest,3,451800.0,0.024024,-0.020619,0,0
rest,3,451900.0,0.022955,-0.018209,0,0
rest,3,452000.0,0.024353,-0.021084,0,0
rest,3,452100.0,0.024806,-0.018209,0,0
rest,3,452200.0,0.025197,-0.018265,0,0
rest,3,452300.0,0.062500,-0.018519,0,0
rest,3,452400.0,0.036281,-0.020741,0,0
rest,3,452500.0,0.025437,-0.018127,0,0
rest,3,452600.0,0.023916,-0.017699,0,0
rest,3,452700.0,0.025078,-0.021148,0,0
rest,3,452800.0,0.024316,-0.018045,0,0
rest,3,452900.0,0.024806,-0.020741,0,0
rest,3,453000.0,0.025437,-0.018072,0,0
rest,3,453100.0,0.025157,-0.020649,0,0
rest,3,453200.0,0.025397,-0.021148,0,0
rest,3,453300.0,0.023669,-0.020833,0,0
rest,3,453400.0,0.046693,-0.016287,0,0
rest,3,453500.0,0.025518,-0.020864,0,0
rest,3,453600.0,0.023599,-0.021341,0,0
rest,3,453700.0,0.026465,-0.024180,0,0
rest,3,453800.0,0.022258,-0.020679,0,0
rest,3,453900.0,0.024242,-0.021212,0,0
rest,3,454000.0,0.024353,-0.018462,0,0
rest,3,454100.0,0.020468,-0.021440,0,0
rest,3,454200.0,0.023599,-0.020588,0,0
rest,3,454300.0,0.025316,-0.017991,0,0
rest,3,454400.0,0.025078,-0.020710,0,0
rest,3,454500.0,0.024427,-0.020619,0,0
rest,3,454600.0,0.023222,-0.021021,0,0
rest,3,454700.0,0.025806,-0.022187,0,0
rest,3,454800.0,0.026936,-0.017991,0,0
rest,3,454900.0,0.022727,-0.021116,0,0
rest,3,455000.0,0.059829,-0.014451,0,0
rest,3,455100.0,0.015244,-0.014992,0,0
rest,3,455200.0,0.025478,-0.012520,0,0
rest,3,455300.0,0.024427,-0.018045,0,0
rest,3,455400.0,0.024206,-0.014684,0,0
rest,3,455500.0,0.025316,-0.023372,0,0
rest,3,455600.0,0.019480,-0.016632,0,0
rest,3,455700.0,0.024169,-0.020927,0,0
rest,3,455800.0,0.024206,-0.020679,0,0
rest,3,455900.0,0.024242,-0.017804,0,0
rest,3,456000.0,0.025437,-0.018127,0,0
rest,3,456100.0,0.022779,-0.017036,0,0
rest,3,456200.0,0.039474,-0.022436,0,0
rest,3,456300.0,0.023729,-0.020498,0,0
rest,3,456400.0,0.023530,-0.017831,0,0
rest,3,456500.0,0.025276,-0.021212,0,0
rest,3,456600.0,0.023669,-0.020588,0,0
rest,3,456700.0,0.022923,-0.020710,0,0
rest,3,456800.0,0.028571,-0.021841,0,0
rest,3,456900.0,0.025045,-0.017778,0,0
rest,3,457000.0,0.023358,-0.020619,0,0
rest,3,457100.0,0.021705,-0.012759,0,0
rest,3,457200.0,0.024427,-0.020895,0,0
rest,3,457300.0,0.023669,-0.020833,0,0
rest,3,457400.0,0.024518,-0.020588,0,0
rest,3,457500.0,0.023121,-0.017804,0,0
rest,3,457600.0,0.021538,-0.018377,0,0
rest,3,457700.0,0.024242,-0.020378,0,0
rest,3,457800.0,0.018461,-0.017831,0,0
rest,3,457900.0,0.022472,-0.012719,0,0
rest,3,458000.0,0.024540,-0.017699,0,0
rest,3,458100.0,0.023564,-0.020679,0,0
rest,3,458200.0,0.021053,-0.012270,0,0
rest,3,458300.0,0.023188,-0.019449,0,0
rest,3,458400.0,0.024768,-0.014925,0,0
rest,3,458500.0,0.048077,-0.009524,0,0
rest,3,458600.0,0.018349,-0.018237,0,0
rest,3,458700.0,0.023188,-0.021309,0,0
rest,3,458800.0,0.023845,-0.021277,0,0
rest,3,458900.0,0.019231,-0.022152,0,0
rest,3,459000.0,0.023358,-0.021277,0,0
rest,3,459100.0,0.023088,-0.020588,0,0
rest,3,459200.0,0.029304,-0.021212,0,0
rest,3,459300.0,0.023358,-0.020895,0,0
rest,3,459400.0,0.018662,-0.018072,0,0
rest,3,459500.0,0.023188,-0.020649,0,0
rest,3,459600.0,0.021583,-0.021909,0,0
rest,3,459700.0,0.016447,-0.023372,0,0
rest,3,459800.0,0.024353,-0.017647,0,0
rest,3,459900.0,0.022364,-0.012759,0,0
rest,3,460000.0,0.025848,-0.021244,0,0
rest,3,460100.0,0.021505,-0.020990,0,0
rest,3,460200.0,0.021875,-0.018349,0,0
rest,3,460300.0,0.024845,-0.020710,0,0
rest,3,460400.0,0.024883,-0.020588,0,0
rest,3,460500.0,0.021875,-0.021978,0,0
rest,3,460600.0,0.024605,-0.017699,0,0
rest,3,460700.0,0.027397,-0.020619,0,0
rest,3,460800.0,0.063636,-0.017725,0,0
rest,3,460900.0,0.023451,-0.017751,0,0
rest,3,461000.0,0.025118,-0.020649,0,0
rest,3,461100.0,0.024845,-0.020231,0,0
rest,3,461200.0,0.022329,-0.020679,0,0
rest,3,461300.0,0.015355,-0.028708,0,0
rest,3,461400.0,0.018692,-0.018293,0,0
rest,3,461500.0,0.048077,-0.017065,0,0
rest,3,461600.0,0.022187,-0.020619,0,0
rest,3,461700.0,0.023495,-0.021374,0,0
rest,3,461800.0,0.024427,-0.020438,0,0
rest,3,461900.0,0.024845,-0.020498,0,0
rest,3,462000.0,0.024206,-0.017341,0,0
rest,3,462100.0,0.024883,-0.017673,0,0
rest,3,462200.0,0.012841,-0.021053,0,0
rest,3,462300.0,0.020438,-0.011994,0,0
rest,3,462400.0,0.013559,-0.017991,0,0
rest,3,462500.0,0.020468,-0.020958,0,0
rest,3,462600.0,0.022047,-0.017964,0,0
rest,3,462700.0,0.025890,-0.020927,0,0
rest,3,462800.0,0.018461,-0.017991,0,0
rest,3,462900.0,0.018547,-0.017804,0,0
rest,3,463000.0,0.020408,-0.020833,0,0
rest,3,463100.0,0.023121,-0.020649,0,0
rest,3,463200.0,0.014625,-0.018127,0,0
rest,3,463300.0,0.020438,-0.020802,0,0
rest,3,463400.0,0.019231,-0.022364,0,0
rest,3,463500.0,0.018518,-0.020990,0,0
rest,3,463600.0,0.017467,-0.020619,0,0
rest,3,463700.0,0.012365,-0.021084,0,0
rest,3,463800.0,0.018605,-0.018154,0,0
rest,3,463900.0,0.018265,-0.017366,0,0
rest,3,464000.0,0.018490,-0.020990,0,0
rest,3,464100.0,0.018634,-0.021084,0,0
rest,3,464200.0,0.015823,-0.020619,0,0
rest,3,464300.0,0.018927,-0.020319,0,0
rest,3,464400.0,0.014881,-0.016722,0,0
rest,3,464500.0,0.012539,-0.021841,0,0
rest,3,464600.0,0.012820,-0.024742,0,0
rest,3,464700.0,0.015949,-0.017991,0,0
rest,3,464800.0,0.017751,-0.020202,0,0
rest,3,464900.0,0.018662,-0.020498,0,0
rest,3,465000.0,0.021938,-0.020528,0,0
rest,3,465100.0,0.018927,-0.017964,0,0
rest,3,465200.0,0.017991,-0.020528,0,0
rest,3,465300.0,0.017778,-0.020498,0,0
rest,3,465400.0,0.018072,-0.020173,0,0
rest,3,465500.0,0.017673,-0.020588,0,0
rest,3,465600.0,0.015480,-0.022764,0,0
rest,3,465700.0,0.015198,-0.016260,0,0
rest,3,465800.0,0.018662,-0.020468,0,0
rest,3,465900.0,0.017595,-0.020619,0,0
rest,3,466000.0,0.017668,-0.013180,0,0
rest,3,466100.0,0.017595,-0.014728,0,0
rest,3,466200.0,0.010949,-0.015905,0,0
rest,3,466300.0,0.019139,-0.011905,0,0
rest,3,466400.0,0.011257,-0.020927,0,0
rest,3,466500.0,0.014981,-0.012072,0,0
rest,3,466600.0,0.017316,-0.017621,0,0
rest,3,466700.0,0.018927,-0.020679,0,0
rest,3,466800.0,0.015552,-0.020649,0,0
rest,3,466900.0,0.017751,-0.020741,0,0
rest,3,467000.0,0.015221,-0.018779,0,0
rest,3,467100.0,0.015924,-0.021116,0,0
rest,3,467200.0,0.018349,-0.018265,0,0
rest,3,467300.0,0.018547,-0.020588,0,0
rest,3,467400.0,0.021201,-0.020927,0,0
rest,3,467500.0,0.030457,-0.009524,0,0
rest,3,467600.0,0.018518,-0.021374,0,0
rest,3,467700.0,0.017331,-0.020498,0,0
rest,3,467800.0,0.017751,-0.020438,0,0
rest,3,467900.0,0.018838,-0.020558,0,0
rest,3,468000.0,0.016949,-0.028169,0,0
rest,3,468100.0,0.012658,-0.016750,0,0
rest,3,468200.0,0.017964,-0.020619,0,0
rest,3,468300.0,0.019737,-0.020528,0,0
rest,3,468400.0,0.018377,-0.015314,0,0
rest,3,468500.0,0.019139,-0.020990,0,0
rest,3,468600.0,0.025126,-0.020895,0,0
rest,3,468700.0,0.009709,-0.018838,0,0
rest,3,468800.0,0.018127,-0.020802,0,0
rest,3,468900.0,0.014925,-0.014992,0,0
rest,3,469000.0,0.017647,-0.020649,0,0
rest,3,469100.0,0.018100,-0.020173,0,0
rest,3,469200.0,0.018809,-0.017647,0,0
rest,3,469300.0,0.017544,-0.020649,0,0
rest,3,469400.0,0.013245,-0.019231,0,0
rest,3,469500.0,0.016340,-0.020498,0,0
rest,3,469600.0,0.016575,-0.028571,0,0
rest,3,469700.0,0.014493,-0.020619,0,0
rest,3,469800.0,0.010471,-0.018576,0,0
rest,3,469900.0,0.011713,-0.020710,0,0
rest,3,470000.0,0.011713,-0.020649,0,0
rest,3,470100.0,0.012520,-0.020990,0,0
rest,3,470200.0,0.014368,-0.020619,0,0
rest,3,470300.0,0.012461,-0.020679,0,0
rest,3,470400.0,0.012384,-0.014472,0,0
rest,3,470500.0,0.015198,-0.017778,0,0
rest,3,470600.0,0.009231,-0.018018,0,0
rest,3,470700.0,0.012103,-0.017725,0,0
rest,3,470800.0,0.012480,-0.018045,0,0
rest,3,470900.0,0.012759,-0.017751,0,0
rest,3,471000.0,0.012084,-0.017725,0,0
rest,3,471100.0,0.012365,-0.018072,0,0
rest,3,471200.0,0.014286,-0.015083,0,0
rest,3,471300.0,0.014306,-0.018490,0,0
rest,3,471400.0,0.015552,-0.015408,0,0
rest,3,471500.0,0.011527,-0.017699,0,0
rest,3,471600.0,0.012539,-0.017751,0,0
rest,3,471700.0,0.013536,-0.015456,0,0
rest,3,471800.0,0.012289,-0.017751,0,0
rest,3,471900.0,0.013333,-0.017725,0,0
rest,3,472000.0,0.012422,-0.018018,0,0
rest,3,472100.0,0.013180,-0.015699,0,0
rest,3,472200.0,0.015152,-0.015480,0,0
rest,3,472300.0,0.012121,-0.018237,0,0
rest,3,472400.0,0.011869,-0.014706,0,0
rest,3,472500.0,0.011799,-0.018072,0,0
rest,3,472600.0,0.012327,-0.017673,0,0
rest,3,472700.0,0.015699,-0.017964,0,0
rest,3,472800.0,0.014749,-0.017964,0,0
rest,3,472900.0,0.011976,-0.015198,0,0
rest,3,473000.0,0.012461,-0.017964,0,0
rest,3,473100.0,0.016611,-0.015361,0,0
rest,3,473200.0,0.014992,-0.017964,0,0
rest,3,473300.0,0.009360,-0.018045,0,0
rest,3,473400.0,0.015601,-0.015038,0,0
rest,3,473500.0,0.015152,-0.017725,0,0
rest,3,473600.0,0.009245,-0.015015,0,0
rest,3,473700.0,0.011611,-0.017857,0,0
rest,3,473800.0,0.015129,-0.012678,0,0
rest,3,473900.0,0.011869,-0.017366,0,0
rest,3,474000.0,0.010292,-0.016103,0,0
rest,3,474100.0,0.009934,-0.018377,0,0
rest,3,474200.0,0.012924,-0.014992,0,0
rest,3,474300.0,0.034632,-0.015408,0,0
rest,3,474400.0,0.015244,-0.017751,0,0
rest,3,474500.0,0.009615,-0.018018,0,0
rest,3,474600.0,0.011782,-0.018018,0,0
rest,3,474700.0,0.012084,-0.017621,0,0
rest,3,474800.0,0.011852,-0.017725,0,0
rest,3,474900.0,0.012158,-0.017570,0,0
rest,3,475000.0,0.011958,-0.017699,0,0
rest,3,475100.0,0.011817,-0.017699,0,0
rest,3,475200.0,0.006557,-0.015314,0,0
rest,3,475300.0,0.014859,-0.017725,0,0
rest,3,475400.0,0.012638,-0.015528,0,0
rest,3,475500.0,0.015174,-0.017991,0,0
rest,3,475600.0,0.012987,-0.012924,0,0
rest,3,475700.0,0.011799,-0.017647,0,0
rest,3,475800.0,0.012030,-0.014771,0,0
rest,3,475900.0,0.011645,-0.018237,0,0
rest,3,476000.0,0.011696,-0.017699,0,0
rest,3,476100.0,0.013093,-0.016529,0,0
rest,3,476200.0,0.012066,-0.017857,0,0
rest,3,476300.0,0.014577,-0.017673,0,0
rest,3,476400.0,0.012422,-0.017699,0,0
rest,3,476500.0,0.012422,-0.015152,0,0
rest,3,476600.0,0.011817,-0.017673,0,0
rest,3,476700.0,0.014430,-0.014815,0,0
rest,3,476800.0,0.014572,-0.016750,0,0
rest,3,476900.0,0.011594,-0.015198,0,0
rest,3,477000.0,0.011628,-0.017699,0,0
rest,3,477100.0,0.016077,-0.017937,0,0
rest,3,477200.0,0.011662,-0.011817,0,0
rest,3,477300.0,0.011679,-0.017673,0,0
rest,3,477400.0,0.012500,-0.017910,0,0
rest,3,477500.0,0.011730,-0.017621,0,0
rest,3,477600.0,0.015267,-0.018072,0,0
rest,3,477700.0,0.011817,-0.014970,0,0
rest,3,477800.0,0.013093,-0.017884,0,0
rest,3,477900.0,0.019231,-0.019763,0,0
rest,3,478000.0,0.012841,-0.018519,0,0
rest,3,478100.0,0.007435,-0.018957,0,0
rest,3,478200.0,0.011611,-0.014970,0,0
rest,3,478300.0,0.035088,-0.014311,0,0
rest,3,478400.0,0.012177,-0.012442,0,0
rest,3,478500.0,0.011645,-0.017595,0,0
rest,3,478600.0,0.012461,-0.012214,0,0
rest,3,478700.0,0.023809,-0.021898,0,0
rest,3,478800.0,0.019231,-0.017825,0,0
rest,3,478900.0,0.017167,-0.017699,0,0
rest,3,479000.0,0.012048,-0.017751,0,0
rest,3,479100.0,0.012177,-0.014925,0,0
rest,3,479200.0,0.012308,-0.014771,0,0
rest,3,479300.0,0.008996,-0.011994,0,0
rest,3,479400.0,0.012327,-0.017673,0,0
rest,3,479500.0,0.005900,-0.017725,0,0
rest,3,479600.0,0.013289,-0.015083,0,0
rest,3,479700.0,0.015576,-0.017751,0,0
rest,3,479800.0,0.011747,-0.017751,0,0
rest,3,479900.0,0.013245,-0.013029,0,0
rest,3,480000.0,0.012945,-0.017964,0,0
rest,3,480100.0,0.016051,-0.017751,0,0
rest,3,480200.0,0.012779,-0.017417,0,0
rest,3,480300.0,0.012289,-0.017673,0,0
rest,3,480400.0,0.009585,-0.012903,0,0
rest,3,480500.0,0.015267,-0.017884,0,0
rest,3,480600.0,0.012140,-0.017673,0,0
rest,3,480700.0,0.011765,-0.014728,0,0
rest,3,480800.0,0.014881,-0.014728,0,0
rest,3,480900.0,0.037383,-0.011173,0,0
rest,3,481000.0,0.012346,-0.017595,0,0
rest,3,481100.0,0.011940,-0.017778,0,0
rest,3,481200.0,0.011940,-0.017699,0,0
rest,3,481300.0,0.012658,-0.014472,0,0
rest,3,481400.0,0.012066,-0.017673,0,0
rest,3,481500.0,0.011679,-0.014771,0,0
rest,3,481600.0,0.012559,-0.018100,0,0
rest,3,481700.0,0.027149,-0.016563,0,0
rest,3,481800.0,0.013355,-0.018237,0,0
rest,3,481900.0,0.006182,-0.017991,0,0
rest,3,482000.0,0.012327,-0.017544,0,0
rest,3,482100.0,0.011747,-0.017647,0,0
rest,3,482200.0,0.009464,-0.015949,0,0
rest,3,482300.0,0.012882,-0.016129,0,0
rest,3,482400.0,0.012066,-0.017621,0,0
rest,3,482500.0,0.011628,-0.017673,0,0
rest,3,482600.0,0.012461,-0.017964,0,0
rest,3,482700.0,0.006135,-0.019608,0,0
rest,3,482800.0,0.009288,-0.017341,0,0
rest,3,482900.0,0.012232,-0.017778,0,0
rest,3,483000.0,0.008837,-0.015175,0,0
rest,3,483100.0,0.012618,-0.017316,0,0
rest,3,483200.0,0.009360,-0.017391,0,0
rest,3,483300.0,0.011478,-0.014903,0,0
rest,3,483400.0,0.008863,-0.017316,0,0
rest,3,483500.0,0.009360,-0.017857,0,0
rest,3,483600.0,0.007737,-0.015748,0,0
rest,3,483700.0,0.012848,-0.019017,0,0
rest,3,483800.0,0.011679,-0.017366,0,0
rest,3,483900.0,0.009434,-0.017647,0,0
rest,3,484000.0,0.008902,-0.018349,0,0
rest,3,484100.0,0.017094,-0.019802,0,0
rest,3,484200.0,0.009419,-0.021053,0,0
rest,3,484300.0,0.008929,-0.020927,0,0
rest,3,484400.0,0.011817,-0.017673,0,0
rest,3,484500.0,0.012638,-0.019835,0,0
rest,3,484600.0,0.009434,-0.020833,0,0
rest,3,484700.0,0.009569,-0.017366,0,0
rest,3,484800.0,0.009105,-0.018045,0,0
rest,3,484900.0,0.012158,-0.021148,0,0
rest,3,485000.0,0.012048,-0.020528,0,0
rest,3,485100.0,0.006579,-0.022117,0,0
rest,3,485200.0,0.012170,-0.019200,0,0
rest,3,485300.0,0.009174,-0.021116,0,0
rest,3,485400.0,0.009188,-0.015290,0,0
rest,3,485500.0,0.025078,-0.026022,0,0
rest,3,485600.0,0.006070,-0.021053,0,0
rest,3,485700.0,0.008000,-0.023569,0,0
rest,3,485800.0,0.012500,-0.020588,0,0
rest,3,485900.0,0.009022,-0.014684,0,0
rest,3,486000.0,0.010170,-0.020260,0,0
rest,3,486100.0,0.009174,-0.020231,0,0
rest,3,486200.0,0.011765,-0.020588,0,0
rest,3,486300.0,0.008996,-0.017699,0,0
rest,3,486400.0,0.012308,-0.014815,0,0
rest,3,486500.0,0.006299,-0.018072,0,0
rest,3,486600.0,0.009554,-0.017857,0,0
rest,3,486700.0,0.011544,-0.021341,0,0
rest,3,486800.0,0.006421,-0.018433,0,0
rest,3,486900.0,0.009331,-0.018692,0,0
rest,3,487000.0,0.009288,-0.017699,0,0
rest,3,487100.0,0.008596,-0.021212,0,0
rest,3,487200.0,0.009063,-0.018605,0,0
rest,3,487300.0,0.008746,-0.021053,0,0
rest,3,487400.0,0.008902,-0.020319,0,0
rest,3,487500.0,0.011923,-0.017316,0,0
rest,3,487600.0,0.009077,-0.015385,0,0
rest,3,487700.0,0.008955,-0.017621,0,0
rest,3,487800.0,0.011645,-0.017595,0,0
rest,3,487900.0,0.019324,-0.020151,0,0
rest,3,488000.0,0.011544,-0.017621,0,0
rest,3,488100.0,0.009479,-0.018018,0,0
rest,3,488200.0,0.012500,-0.018072,0,0
rest,3,488300.0,0.006163,-0.017857,0,0
rest,3,488400.0,0.034335,-0.015152,0,0
rest,3,488500.0,0.009259,-0.018154,0,0
rest,3,488600.0,0.009288,-0.014663,0,0
rest,3,488700.0,0.008969,-0.014881,0,0
rest,3,488800.0,0.009091,-0.017544,0,0
rest,3,488900.0,0.006231,-0.015106,0,0
rest,3,489000.0,0.008633,-0.011994,0,0
rest,3,489100.0,0.009050,-0.014771,0,0
rest,3,489200.0,0.008969,-0.017673,0,0
rest,3,489300.0,0.009259,-0.018018,0,0
rest,3,489400.0,0.011645,-0.014881,0,0
rest,3,489500.0,0.009317,-0.017699,0,0
rest,3,489600.0,0.011544,-0.012365,0,0
rest,3,489700.0,0.013746,-0.015060,0,0
rest,3,489800.0,0.012779,-0.011887,0,0
rest,3,489900.0,0.013245,-0.014728,0,0
rest,3,490000.0,0.038278,-0.014771,0,0
rest,3,490100.0,0.009662,-0.017991,0,0
rest,3,490200.0,0.012140,-0.014793,0,0
rest,3,490300.0,0.011905,-0.017595,0,0
rest,3,490400.0,0.007407,-0.020067,0,0
rest,3,490500.0,0.021053,-0.021467,0,0
rest,3,490600.0,0.012599,-0.014684,0,0
rest,3,490700.0,0.012308,-0.017751,0,0
rest,3,490800.0,0.008915,-0.018072,0,0
rest,3,490900.0,0.012987,-0.015015,0,0
rest,3,491000.0,0.012195,-0.011994,0,0
rest,3,491100.0,0.009259,-0.012048,0,0
rest,3,491200.0,0.012030,-0.017647,0,0
rest,3,491300.0,0.011527,-0.014881,0,0
rest,3,491400.0,0.011923,-0.014728,0,0
rest,3,491500.0,0.012579,-0.018377,0,0
rest,3,491600.0,0.025862,-0.009368,0,0
rest,3,491700.0,0.011611,-0.017570,0,0
rest,3,491800.0,0.005961,-0.017570,0,0
rest,3,491900.0,0.006163,-0.018045,0,0
rest,3,492000.0,0.006309,-0.015198,0,0
rest,3,492100.0,0.009009,-0.014472,0,0
rest,3,492200.0,0.027650,-0.017804,0,0
rest,3,492300.0,0.011494,-0.017884,0,0
rest,3,492400.0,0.006483,-0.012177,0,0
rest,3,492500.0,0.012084,-0.015083,0,0
rest,3,492600.0,0.011594,-0.017699,0,0
rest,3,492700.0,0.011730,-0.017544,0,0
rest,3,492800.0,0.011396,-0.017751,0,0
rest,3,492900.0,0.009569,-0.014970,0,0
rest,3,493000.0,0.009022,-0.017518,0,0
rest,3,493100.0,0.006826,-0.020408,0,0
rest,3,493200.0,0.008683,-0.017647,0,0
rest,3,493300.0,0.012158,-0.014493,0,0
rest,3,493400.0,0.003140,-0.018127,0,0
rest,3,493500.0,0.009105,-0.015015,0,0
rest,3,493600.0,0.005926,-0.017699,0,0
rest,3,493700.0,0.005944,-0.014815,0,0
rest,3,493800.0,0.005814,-0.014948,0,0
rest,3,493900.0,0.008798,-0.017673,0,0
rest,3,494000.0,0.006231,-0.014992,0,0
rest,3,494100.0,0.005882,-0.017341,0,0
rest,3,494200.0,0.009146,-0.009132,0,0
rest,3,494300.0,0.006483,-0.015290,0,0
rest,3,494400.0,0.006126,-0.018018,0,0
rest,3,494500.0,0.003690,-0.009585,0,0
rest,3,494600.0,0.008837,-0.017699,0,0
rest,3,494700.0,0.006380,-0.017366,0,0
rest,3,494800.0,0.003063,-0.018072,0,0
rest,3,494900.0,0.009091,-0.014641,0,0
rest,3,495000.0,0.006173,-0.017751,0,0
rest,3,495100.0,0.003110,-0.017991,0,0
rest,3,495200.0,0.005908,-0.017595,0,0
rest,3,495300.0,0.003273,-0.015625,0,0
rest,3,495400.0,0.005961,-0.018663,0,0
rest,3,495500.0,0.003140,-0.015873,0,0
rest,3,495600.0,0.003067,-0.015015,0,0
rest,3,495700.0,0.003044,-0.012800,0,0
rest,3,495800.0,0.009390,-0.015106,0,0
rest,3,495900.0,0.005952,-0.017991,0,0
rest,3,496000.0,0.009709,-0.018072,0,0
rest,3,496100.0,0.009063,-0.014970,0,0
rest,3,496200.0,0.003140,-0.018349,0,0
rest,3,496300.0,0.008811,-0.014815,0,0
rest,3,496400.0,0.005814,-0.019048,0,0
rest,3,496500.0,0.005857,-0.015198,0,0
rest,3,496600.0,0.006473,-0.019108,0,0
rest,3,496700.0,0.006462,-0.015432,0,0
rest,3,496800.0,0.006231,-0.014903,0,0
rest,3,496900.0,0.008671,-0.017991,0,0
rest,3,497000.0,0.005874,-0.011782,0,0
rest,3,497100.0,0.006547,-0.011976,0,0
rest,3,497200.0,0.006969,-0.015038,0,0
rest,3,497300.0,0.008633,-0.018018,0,0
rest,3,497400.0,0.005805,-0.012121,0,0
rest,3,497500.0,0.006163,-0.009434,0,0
rest,3,497600.0,0.006400,-0.006349,0,0
rest,3,497700.0,0.006441,-0.018321,0,0
rest,3,497800.0,0.003067,-0.018293,0,0
rest,3,497900.0,0.009390,-0.017699,0,0
rest,3,498000.0,0.009009,-0.017725,0,0
rest,3,498100.0,0.006410,-0.013029,0,0
rest,3,498200.0,0.009479,-0.017991,0,0
rest,3,498300.0,0.006547,-0.017991,0,0
rest,3,498400.0,0.006601,-0.017570,0,0
rest,3,498500.0,0.006452,-0.014948,0,0
rest,3,498600.0,0.005952,-0.015290,0,0
rest,3,498700.0,0.000000,-0.008889,0,0
rest,3,498800.0,0.006623,-0.017595,0,0
rest,3,498900.0,0.003503,-0.015924,0,0
rest,3,499000.0,0.003110,-0.013289,0,0
rest,3,499100.0,0.003165,-0.016529,0,0
rest,3,499200.0,0.006144,-0.017884,0,0
rest,3,499300.0,0.003115,-0.016313,0,0
rest,3,499400.0,0.003120,-0.017341,0,0
rest,3,499500.0,0.006135,-0.015244,0,0
rest,3,499600.0,0.018957,-0.017910,0,0
rest,3,499700.0,0.029851,-0.009174,0,0
rest,3,499800.0,0.010676,-0.018018,0,0
rest,3,499900.0,0.006656,-0.014992,0,0
rest,3,500000.0,0.006098,-0.009346,0,0
rest,3,500100.0,0.008824,-0.015873,0,0
rest,3,500200.0,0.007018,-0.018433,0,0
rest,3,500300.0,0.028708,-0.015015,0,0
rest,3,500400.0,0.006221,-0.014388,0,0
rest,3,500500.0,0.005917,-0.018018,0,0
rest,3,500600.0,0.006135,-0.018209,0,0
rest,3,500700.0,0.006070,-0.017964,0,0
rest,3,500800.0,0.009820,-0.018377,0,0
rest,3,500900.0,0.006135,-0.014556,0,0
rest,3,501000.0,0.006826,-0.017493,0,0
rest,3,501100.0,0.026906,-0.017964,0,0
rest,3,501200.0,0.006126,-0.017778,0,0
rest,3,501300.0,0.006070,-0.014925,0,0
rest,3,501400.0,0.009479,-0.014706,0,0
rest,3,501500.0,0.007092,-0.017751,0,0
rest,3,501600.0,0.006309,-0.018154,0,0
rest,3,501700.0,0.006202,-0.017570,0,0
rest,3,501800.0,0.006221,-0.017778,0,0
rest,3,501900.0,0.006231,-0.017884,0,0
rest,3,502000.0,0.009524,-0.017991,0,0
rest,3,502100.0,0.006221,-0.017699,0,0
rest,3,502200.0,0.007505,-0.014414,0,0
rest,3,502300.0,0.006689,-0.015175,0,0
rest,3,502400.0,0.006289,-0.015083,0,0
rest,3,502500.0,0.006279,-0.017699,0,0
rest,3,502600.0,0.006173,-0.014859,0,0
rest,3,502700.0,0.005848,-0.018462,0,0
rest,3,502800.0,0.006126,-0.017570,0,0
rest,3,502900.0,0.005698,-0.018209,0,0
rest,3,503000.0,0.006163,-0.017570,0,0
rest,3,503100.0,0.006024,-0.017699,0,0
rest,3,503200.0,0.006173,-0.014771,0,0
rest,3,503300.0,0.006135,-0.017725,0,0
rest,3,503400.0,0.006410,-0.017699,0,0
rest,3,503500.0,0.009709,-0.017621,0,0
rest,3,503600.0,0.006452,-0.017493,0,0
rest,3,503700.0,0.010309,-0.018100,0,0
rest,3,503800.0,0.009288,-0.015083,0,0
rest,3,503900.0,0.006231,-0.012559,0,0
rest,3,504000.0,0.027397,-0.019480,0,0
rest,3,504100.0,0.003413,-0.017316,0,0
rest,3,504200.0,0.003268,-0.017778,0,0
rest,3,504300.0,-0.003968,-0.007936,0,0
rest,3,504400.0,0.003140,-0.017699,0,0
rest,3,504500.0,0.006240,-0.017804,0,0
rest,3,504600.0,0.009524,-0.015015,0,0
rest,3,504700.0,0.009662,-0.027273,0,0
rest,3,504800.0,0.027523,-0.015723,0,0
rest,3,504900.0,0.007181,-0.015129,0,0
rest,3,505000.0,0.009346,-0.014771,0,0
rest,3,505100.0,0.006211,-0.016103,0,0
rest,3,505200.0,0.006107,-0.018633,0,0
rest,3,505300.0,0.002894,-0.027027,0,0
rest,3,505400.0,0.003289,-0.014472,0,0
rest,3,505500.0,0.005747,-0.019640,0,0
rest,3,505600.0,0.000000,-0.018100,0,0
rest,3,505700.0,0.007394,-0.017467,0,0
rest,3,505800.0,0.008889,-0.017442,0,0
rest,3,505900.0,0.000000,-0.015198,0,0
rest,3,506000.0,0.003058,-0.017673,0,0
rest,3,506100.0,0.003125,-0.014430,0,0
rest,3,506200.0,0.003058,-0.017857,0,0
rest,3,506300.0,0.003697,-0.015432,0,0
rest,3,506400.0,0.006849,-0.018433,0,0
rest,3,506500.0,0.000000,-0.009174,0,0
rest,3,506600.0,0.000000,-0.018692,0,0
rest,3,506700.0,0.003049,-0.017857,0,0
rest,3,506800.0,0.003180,-0.014663,0,0
rest,3,506900.0,0.012158,-0.018293,0,0
rest,3,507000.0,0.018100,-0.017699,0,0
rest,3,507100.0,0.003096,-0.017595,0,0
rest,3,507200.0,0.009132,-0.018293,0,0
rest,3,507300.0,0.003356,-0.014793,0,0
rest,3,507400.0,0.003221,-0.014948,0,0
rest,3,507500.0,0.007105,-0.017570,0,0
rest,3,507600.0,0.003425,-0.018237,0,0
rest,3,507700.0,0.011730,-0.018927,0,0
rest,3,507800.0,0.000000,-0.015083,0,0
rest,3,507900.0,0.003049,-0.012121,0,0
rest,3,508000.0,0.003390,-0.015175,0,0
rest,3,508100.0,0.003063,-0.017621,0,0
rest,3,508200.0,0.003247,-0.017964,0,0
rest,3,508300.0,0.000000,-0.015773,0,0
rest,3,508400.0,0.003345,-0.017884,0,0
rest,3,508500.0,0.016064,-0.018072,0,0
rest,3,508600.0,0.002898,-0.018265,0,0
rest,3,508700.0,0.004878,-0.018692,0,0
rest,3,508800.0,0.005050,-0.026667,0,0
rest,3,508900.0,0.003846,-0.015625,0,0
rest,3,509000.0,0.004435,-0.015314,0,0
rest,3,509100.0,0.017241,-0.014771,0,0
rest,3,509200.0,0.003170,-0.018433,0,0
rest,3,509300.0,0.004132,-0.018100,0,0
rest,3,509400.0,0.003284,-0.018605,0,0
rest,3,509500.0,0.003180,-0.017621,0,0
rest,3,509600.0,0.003268,-0.017991,0,0
rest,3,509700.0,0.003086,-0.017544,0,0
rest,3,509800.0,0.017241,-0.015060,0,0
rest,3,509900.0,0.003367,-0.011834,0,0
rest,3,510000.0,0.002933,-0.017804,0,0
rest,3,510100.0,0.017241,-0.009174,0,0
rest,3,510200.0,0.003135,-0.015175,0,0
rest,3,510300.0,0.003035,-0.015038,0,0
rest,3,510400.0,0.003082,-0.017341,0,0
rest,3,510500.0,0.018349,-0.015038,0,0
rest,3,510600.0,0.003130,-0.014793,0,0
rest,3,510700.0,0.006154,-0.014706,0,0
rest,3,510800.0,0.003049,-0.017673,0,0
rest,3,510900.0,0.002837,-0.018293,0,0
rest,3,511000.0,0.019139,-0.018349,0,0
rest,3,511100.0,0.003040,-0.017595,0,0
rest,3,511200.0,0.017391,-0.019200,0,0
rest,3,511300.0,0.003044,-0.014684,0,0
rest,3,511400.0,0.003216,0.000000,0,0
rest,3,511500.0,0.003175,-0.015699,0,0
rest,3,511600.0,0.003063,-0.014992,0,0
rest,3,511700.0,0.003295,-0.018405,0,0
rest,3,511800.0,0.003067,-0.017991,0,0
rest,3,511900.0,0.007143,-0.018605,0,0
rest,3,512000.0,0.003257,-0.017291,0,0
rest,3,512100.0,0.003101,-0.011577,0,0
rest,3,512200.0,0.003026,-0.018321,0,0
rest,3,512300.0,0.002865,-0.014859,0,0
rest,3,512400.0,0.003106,-0.018576,0,0
rest,3,512500.0,0.003350,-0.014903,0,0
rest,3,512600.0,0.003263,-0.014706,0,0
rest,3,512700.0,0.003350,-0.011958,0,0
rest,3,512800.0,0.003086,-0.018045,0,0
rest,3,512900.0,0.003053,-0.017673,0,0
rest,3,513000.0,0.003333,-0.018237,0,0
rest,3,513100.0,0.002945,-0.017857,0,0
rest,3,513200.0,0.018265,-0.017964,0,0
rest,3,513300.0,0.003082,-0.018209,0,0
rest,3,513400.0,0.003150,-0.012066,0,0
rest,3,513500.0,0.003160,-0.014706,0,0
rest,3,513600.0,0.003115,-0.017621,0,0
rest,3,513700.0,0.003053,-0.015221,0,0
rest,3,513800.0,0.003063,-0.017647,0,0
rest,3,513900.0,0.003021,-0.017316,0,0
rest,3,514000.0,0.003454,-0.012177,0,0
rest,3,514100.0,0.003077,-0.014948,0,0
rest,3,514200.0,0.003745,-0.018433,0,0
rest,3,514300.0,0.017391,-0.015198,0,0
rest,3,514400.0,0.003273,-0.018127,0,0
rest,3,514500.0,0.003306,-0.017778,0,0
rest,3,514600.0,0.003643,-0.014992,0,0
rest,3,514700.0,0.008547,-0.008969,0,0
rest,3,514800.0,0.003067,-0.014992,0,0
rest,3,514900.0,0.018692,-0.018265,0,0
rest,3,515000.0,0.003115,-0.017831,0,0
rest,3,515100.0,0.006042,-0.018265,0,0
rest,3,515200.0,0.003150,-0.017804,0,0
rest,3,515300.0,0.003063,-0.017621,0,0
rest,3,515400.0,0.003236,-0.014970,0,0
rest,3,515500.0,0.003110,-0.017804,0,0
rest,3,515600.0,0.003992,-0.017647,0,0
rest,3,515700.0,0.003221,-0.012461,0,0
rest,3,515800.0,0.002928,-0.018182,0,0
rest,3,515900.0,0.002954,-0.017595,0,0
rest,3,516000.0,0.003165,-0.017647,0,0
rest,3,516100.0,0.002963,-0.012232,0,0
rest,3,516200.0,0.003226,-0.011834,0,0
rest,3,516300.0,0.016461,-0.014925,0,0
rest,3,516400.0,0.018349,-0.015385,0,0
rest,3,516500.0,0.003509,-0.017751,0,0
rest,3,516600.0,0.003717,-0.017595,0,0
rest,3,516700.0,0.007339,-0.018462,0,0
rest,3,516800.0,0.018605,-0.016155,0,0
rest,3,516900.0,0.004115,-0.018018,0,0
rest,3,517000.0,0.003425,-0.017570,0,0
rest,3,517100.0,0.003419,-0.017544,0,0
rest,3,517200.0,0.003521,-0.017699,0,0
rest,3,517300.0,0.003289,-0.017778,0,0
rest,3,517400.0,0.003846,-0.015528,0,0
rest,3,517500.0,0.003636,-0.017857,0,0
rest,3,517600.0,0.003035,-0.015060,0,0
rest,3,517700.0,0.006700,-0.014706,0,0
rest,3,517800.0,0.011662,-0.017725,0,0
rest,3,517900.0,0.006601,-0.017884,0,0
rest,3,518000.0,0.003929,-0.017884,0,0
rest,3,518100.0,0.003767,-0.018237,0,0
rest,3,518200.0,0.003484,-0.018633,0,0
rest,3,518300.0,0.003738,-0.018349,0,0
rest,3,518400.0,0.020000,-0.012739,0,0
rest,3,518500.0,0.003781,-0.008969,0,0
rest,3,518600.0,0.004545,-0.006211,0,0
rest,3,518700.0,0.003683,-0.018072,0,0
rest,3,518800.0,0.003125,-0.017467,0,0
rest,3,518900.0,0.003361,-0.017621,0,0
rest,3,519000.0,0.003322,-0.015528,0,0
rest,3,519100.0,0.003448,-0.014771,0,0
rest,3,519200.0,0.006144,-0.015773,0,0
rest,3,519300.0,0.006711,-0.017884,0,0
rest,3,519400.0,0.017241,-0.018633,0,0
rest,3,519500.0,0.006849,-0.014793,0,0
rest,3,519600.0,0.003431,-0.012346,0,0
rest,3,519700.0,0.003425,-0.018237,0,0
rest,3,519800.0,0.006525,-0.012140,0,0
rest,3,519900.0,0.018605,-0.014684,0,0
rest,3,520000.0,0.003373,-0.006240,0,0
rest,3,520100.0,0.002950,-0.018462,0,0
rest,3,520200.0,0.003650,-0.014663,0,0
rest,3,520300.0,0.003311,-0.009091,0,0
rest,3,520400.0,0.003180,-0.012030,0,0
rest,3,520500.0,0.019231,-0.014771,0,0
rest,3,520600.0,0.003390,-0.017595,0,0
rest,3,520700.0,0.003195,-0.018519,0,0
rest,3,520800.0,0.004193,-0.018433,0,0
rest,3,520900.0,0.003263,-0.017699,0,0
rest,3,521000.0,0.003231,-0.015361,0,0
rest,3,521100.0,0.006873,-0.017725,0,0
rest,3,521200.0,0.003552,-0.018182,0,0
rest,3,521300.0,0.003356,-0.018182,0,0
rest,3,521400.0,0.003922,-0.018018,0,0
rest,3,521500.0,0.007055,-0.017937,0,0
rest,3,521600.0,0.000000,-0.012559,0,0
rest,3,521700.0,0.017391,-0.014663,0,0
rest,3,521800.0,0.018100,-0.015106,0,0
rest,3,521900.0,0.000000,-0.018349,0,0
rest,3,522000.0,0.003257,-0.009202,0,0
rest,3,522100.0,0.000000,-0.017647,0,0
rest,3,522200.0,0.017021,-0.011905,0,0
rest,3,522300.0,0.003150,-0.017884,0,0
rest,3,522400.0,0.004843,-0.017647,0,0
rest,3,522500.0,0.000000,-0.015528,0,0
rest,3,522600.0,0.003396,-0.018519,0,0
rest,3,522700.0,0.000000,-0.014793,0,0
rest,3,522800.0,0.018605,-0.015361,0,0
rest,3,522900.0,0.000000,-0.015625,0,0
rest,3,523000.0,0.005666,-0.018265,0,0
rest,3,523100.0,0.000000,-0.012559,0,0
rest,3,523200.0,0.000000,-0.012308,0,0
rest,3,523300.0,0.003367,-0.012289,0,0
rest,3,523400.0,0.007921,-0.017725,0,0
rest,3,523500.0,0.000000,-0.018182,0,0
rest,3,523600.0,0.003322,-0.012251,0,0
rest,3,523700.0,0.000000,-0.012121,0,0
rest,3,523800.0,0.002999,-0.017316,0,0
rest,3,523900.0,0.000000,-0.018663,0,0
rest,3,524000.0,0.000000,-0.018182,0,0
rest,3,524100.0,0.000000,-0.017831,0,0
rest,3,524200.0,0.018433,-0.014749,0,0
rest,3,524300.0,0.000000,-0.012103,0,0
rest,3,524400.0,0.012658,-0.018265,0,0
rest,3,524500.0,0.000000,-0.015267,0,0
rest,3,524600.0,0.003130,-0.012365,0,0
rest,3,524700.0,0.006240,-0.018547,0,0
rest,3,524800.0,0.000000,-0.016978,0,0
rest,3,524900.0,0.000000,-0.017991,0,0
rest,3,525000.0,0.003711,-0.015528,0,0
rest,3,525100.0,0.000000,-0.016051,0,0
rest,3,525200.0,0.018433,-0.018987,0,0
rest,3,525300.0,0.019418,-0.018209,0,0
rest,3,525400.0,0.005391,-0.018349,0,0
rest,3,525500.0,0.003145,-0.014881,0,0
rest,3,525600.0,0.000000,-0.018349,0,0
rest,3,525700.0,0.004167,-0.014948,0,0
rest,3,525800.0,0.000000,-0.017725,0,0
rest,3,525900.0,0.003527,-0.014925,0,0
rest,3,526000.0,0.000000,-0.021538,0,0
rest,3,526100.0,0.000000,-0.021084,0,0
rest,3,526200.0,0.000000,-0.021148,0,0
rest,3,526300.0,0.000000,-0.020710,0,0
rest,3,526400.0,0.003546,-0.017804,0,0
rest,3,526500.0,0.000000,-0.020802,0,0
rest,3,526600.0,0.000000,-0.020741,0,0
rest,3,526700.0,0.000000,-0.021572,0,0
rest,3,526800.0,0.000000,-0.020710,0,0
rest,3,526900.0,0.000000,-0.015528,0,0
rest,3,527000.0,0.000000,-0.020741,0,0
rest,3,527100.0,-0.004706,-0.021572,0,0
rest,3,527200.0,0.010257,-0.017699,0,0
rest,3,527300.0,0.000000,-0.017699,0,0
rest,3,527400.0,0.007722,-0.019078,0,0
rest,3,527500.0,0.000000,-0.021440,0,0
rest,3,527600.0,-0.004435,-0.019048,0,0
rest,3,527700.0,0.017391,-0.015898,0,0
rest,3,527800.0,0.003125,-0.021148,0,0
rest,3,527900.0,0.000000,-0.015175,0,0
rest,3,528000.0,0.017544,-0.014771,0,0
rest,3,528100.0,0.003817,-0.021180,0,0
rest,3,528200.0,0.003390,-0.027523,0,0
rest,3,528300.0,0.000000,-0.012442,0,0
rest,3,528400.0,0.000000,-0.017964,0,0
rest,3,528500.0,0.000000,-0.021605,0,0
rest,3,528600.0,0.000000,-0.018182,0,0
rest,3,528700.0,0.000000,-0.018182,0,0
rest,3,528800.0,0.003077,-0.020833,0,0
rest,3,528900.0,0.000000,-0.019231,0,0
rest,3,529000.0,0.000000,-0.020833,0,0
rest,3,529100.0,0.003279,-0.018405,0,0
rest,3,529200.0,0.021277,-0.018377,0,0
rest,3,529300.0,0.016667,-0.018898,0,0
rest,3,529400.0,0.000000,-0.018127,0,0
rest,3,529500.0,-0.004640,-0.019200,0,0
rest,3,529600.0,0.000000,-0.018349,0,0
rest,3,529700.0,0.004149,-0.017699,0,0
rest,3,529800.0,0.004796,-0.021407,0,0
rest,3,529900.0,0.006369,-0.017422,0,0
rest,3,530000.0,0.000000,-0.022400,0,0
rest,3,530100.0,0.007547,-0.018868,0,0
rest,3,530200.0,0.003284,-0.017964,0,0
rest,3,530300.0,0.000000,-0.017831,0,0
rest,3,530400.0,0.000000,-0.021021,0,0
rest,3,530500.0,0.000000,-0.018045,0,0
rest,3,530600.0,0.004640,-0.018127,0,0
rest,3,530700.0,0.009950,-0.017730,0,0
rest,3,530800.0,0.003007,-0.014859,0,0
rest,3,530900.0,0.002894,-0.014577,0,0
rest,3,531000.0,0.000000,-0.017964,0,0
rest,3,531100.0,0.000000,-0.017804,0,0
rest,3,531200.0,0.000000,-0.021277,0,0
rest,3,531300.0,0.003781,-0.018519,0,0
rest,3,531400.0,0.000000,-0.018349,0,0
rest,3,531500.0,0.000000,-0.021341,0,0
rest,3,531600.0,0.000000,-0.017778,0,0
rest,3,531700.0,0.000000,-0.021472,0,0
rest,3,531800.0,0.000000,-0.018462,0,0
rest,3,531900.0,0.000000,-0.018100,0,0
rest,3,532000.0,0.003413,-0.018750,0,0
rest,3,532100.0,0.000000,-0.021374,0,0
rest,3,532200.0,0.003257,-0.020958,0,0
rest,3,532300.0,0.003824,-0.020619,0,0
rest,3,532400.0,0.000000,-0.021739,0,0
rest,3,532500.0,0.012012,-0.021407,0,0
rest,3,532600.0,0.000000,-0.017937,0,0
rest,3,532700.0,0.000000,-0.020927,0,0
rest,3,532800.0,0.002886,-0.016260,0,0
rest,3,532900.0,-0.003992,-0.015175,0,0
rest,3,533000.0,0.000000,-0.020741,0,0
rest,3,533100.0,-0.003515,-0.021212,0,0
rest,3,533200.0,0.003361,-0.020528,0,0
rest,3,533300.0,0.003221,-0.018692,0,0
rest,3,533400.0,0.000000,-0.020927,0,0
rest,3,533500.0,-0.003752,-0.018072,0,0
rest,3,533600.0,0.000000,-0.021180,0,0
rest,3,533700.0,-0.004115,-0.021407,0,0
rest,3,533800.0,0.000000,-0.021440,0,0
rest,3,533900.0,0.000000,-0.018349,0,0
rest,3,534000.0,-0.003914,-0.021309,0,0
rest,3,534100.0,-0.003552,-0.020927,0,0
rest,3,534200.0,0.014870,-0.021084,0,0
rest,3,534300.0,0.000000,-0.021244,0,0
rest,3,534400.0,0.000000,-0.018018,0,0
rest,3,534500.0,0.003345,-0.020528,0,0
rest,3,534600.0,0.000000,-0.018127,0,0
rest,3,534700.0,0.003676,-0.018868,0,0
rest,3,534800.0,0.010000,-0.018182,0,0
rest,3,534900.0,0.006154,-0.018321,0,0
rest,3,535000.0,0.000000,-0.020864,0,0
rest,3,535100.0,0.007018,-0.018721,0,0
rest,3,535200.0,0.000000,-0.018576,0,0
rest,3,535300.0,0.008439,-0.013769,0,0
rest,3,535400.0,-0.004454,-0.013514,0,0
rest,3,535500.0,0.000000,-0.020741,0,0
rest,3,535600.0,0.006390,-0.018127,0,0
rest,3,535700.0,0.000000,-0.021116,0,0
rest,3,535800.0,0.003242,-0.018377,0,0
rest,3,535900.0,0.000000,-0.017991,0,0
rest,3,536000.0,0.005797,-0.021605,0,0
rest,3,536100.0,-0.004739,-0.021180,0,0
rest,3,536200.0,-0.004338,-0.016447,0,0
rest,3,536300.0,0.000000,-0.020619,0,0
rest,3,536400.0,0.003130,-0.027523,0,0
rest,3,536500.0,-0.005013,-0.020168,0,0
rest,3,536600.0,0.000000,-0.024353,0,0
rest,3,536700.0,0.000000,-0.024133,0,0
rest,3,536800.0,0.008830,-0.020895,0,0
rest,3,536900.0,0.004228,-0.021440,0,0
rest,3,537000.0,0.003448,-0.022801,0,0
rest,3,537100.0,0.000000,-0.024578,0,0
rest,3,537200.0,0.000000,-0.014749,0,0
rest,3,537300.0,0.005168,-0.021779,0,0
rest,3,537400.0,0.000000,-0.021180,0,0
rest,3,537500.0,-0.004386,-0.024096,0,0
rest,3,537600.0,0.003333,-0.027149,0,0
rest,3,537700.0,0.000000,-0.020895,0,0
rest,3,537800.0,0.000000,-0.021021,0,0
rest,3,537900.0,0.004065,-0.018100,0,0
rest,3,538000.0,-0.004237,-0.020588,0,0
rest,3,538100.0,0.000000,-0.017725,0,0
rest,3,538200.0,0.006623,-0.018519,0,0
rest,3,538300.0,0.000000,-0.021472,0,0
rest,3,538400.0,-0.004587,-0.021472,0,0
rest,3,538500.0,0.012987,-0.025735,0,0
rest,3,538600.0,0.018518,-0.021407,0,0
rest,3,538700.0,0.018692,-0.013008,0,0
rest,3,538800.0,0.017937,-0.021472,0,0
rest,3,538900.0,0.000000,-0.021538,0,0
rest,3,539000.0,0.003101,-0.020833,0,0
rest,3,539100.0,0.000000,-0.023689,0,0
rest,3,539200.0,0.009756,-0.021016,0,0
rest,3,539300.0,-0.005935,-0.024691,0,0
rest,3,539400.0,0.000000,-0.022764,0,0
rest,3,539500.0,0.003431,-0.020741,0,0
rest,3,539600.0,0.003279,-0.021572,0,0
rest,3,539700.0,0.000000,-0.019480,0,0
rest,3,539800.0,0.006734,-0.023026,0,0
rest,3,539900.0,0.003724,-0.019048,0,0
rest,3,540000.0,0.005666,-0.021341,0,0
rest,3,540100.0,0.000000,-0.020833,0,0
rest,3,540200.0,0.003063,-0.022258,0,0
rest,3,540300.0,0.000000,-0.023064,0,0
rest,3,540400.0,0.000000,-0.020802,0,0
rest,3,540500.0,0.000000,-0.015625,0,0
rest,3,540600.0,0.015094,-0.021773,0,0
rest,3,540700.0,0.000000,-0.020990,0,0
rest,3,540800.0,0.000000,-0.021084,0,0
rest,3,540900.0,0.008163,-0.014970,0,0
rest,3,541000.0,0.018518,-0.022617,0,0
rest,3,541100.0,0.000000,-0.018898,0,0
rest,3,541200.0,0.003077,-0.017831,0,0
rest,3,541300.0,0.000000,-0.028571,0,0
rest,3,541400.0,0.003140,-0.018490,0,0
rest,3,541500.0,0.003515,-0.020927,0,0
rest,3,541600.0,0.003731,-0.020710,0,0
rest,3,541700.0,0.000000,-0.020802,0,0
rest,3,541800.0,0.003540,-0.020710,0,0
rest,3,541900.0,0.000000,-0.018377,0,0
rest,3,542000.0,0.007246,-0.021244,0,0
rest,3,542100.0,0.003697,-0.018779,0,0
rest,3,542200.0,0.000000,-0.022222,0,0
rest,3,542300.0,0.007692,-0.019802,0,0
rest,3,542400.0,0.003617,-0.020927,0,0
rest,3,542500.0,0.003317,-0.020438,0,0
rest,3,542600.0,0.007519,-0.020679,0,0
rest,3,542700.0,0.003610,-0.020958,0,0
rest,3,542800.0,0.003861,-0.018182,0,0
rest,3,542900.0,0.003521,-0.021116,0,0
rest,3,543000.0,0.003683,-0.020588,0,0
rest,3,543100.0,0.000000,-0.022764,0,0
rest,3,543200.0,0.000000,-0.017007,0,0
rest,3,543300.0,0.003650,-0.021472,0,0
rest,3,543400.0,0.000000,-0.021084,0,0
rest,3,543500.0,-0.003883,-0.021374,0,0
rest,3,543600.0,0.000000,-0.021374,0,0
rest,3,543700.0,-0.004357,-0.018490,0,0
rest,3,543800.0,0.000000,-0.021538,0,0
rest,3,543900.0,0.000000,-0.019449,0,0
rest,3,544000.0,0.006052,-0.014815,0,0
rest,3,544100.0,-0.004474,-0.018433,0,0
rest,3,544200.0,-0.009050,-0.021440,0,0
rest,3,544300.0,0.000000,-0.024428,0,0
rest,3,544400.0,0.019802,-0.021978,0,0
rest,3,544500.0,0.000000,-0.025641,0,0
rest,3,544600.0,-0.004651,-0.024060,0,0
rest,3,544700.0,0.005013,-0.021021,0,0
rest,3,544800.0,0.003460,-0.025000,0,0
rest,3,544900.0,0.003597,-0.021084,0,0
rest,3,545000.0,0.003401,-0.020513,0,0
rest,3,545100.0,0.007143,-0.023290,0,0
rest,3,545200.0,0.003884,-0.021440,0,0
rest,3,545300.0,0.000000,-0.024060,0,0
rest,3,545400.0,0.000000,-0.021875,0,0
rest,3,545500.0,0.007299,-0.018779,0,0
rest,3,545600.0,0.003676,-0.023704,0,0
rest,3,545700.0,0.000000,-0.012500,0,0
rest,3,545800.0,0.000000,-0.027778,0,0
rest,3,545900.0,0.003584,-0.023988,0,0
rest,3,546000.0,0.000000,-0.021201,0,0
rest,3,546100.0,0.000000,-0.024024,0,0
rest,3,546200.0,0.000000,-0.021605,0,0
rest,3,546300.0,0.000000,-0.022328,0,0
rest,3,546400.0,0.000000,-0.015552,0,0
rest,3,546500.0,0.003690,-0.025765,0,0
rest,3,546600.0,0.000000,-0.024096,0,0
rest,3,546700.0,0.000000,-0.018779,0,0
rest,3,546800.0,0.000000,-0.019078,0,0
rest,3,546900.0,0.003565,-0.020864,0,0
rest,3,547000.0,-0.003215,-0.023055,0,0
rest,3,547100.0,-0.003086,-0.022082,0,0
rest,3,547200.0,-0.003026,-0.020895,0,0
rest,3,547300.0,-0.003030,-0.024133,0,0
rest,3,547400.0,0.000000,-0.024279,0,0
rest,3,547500.0,-0.002950,-0.021538,0,0
rest,3,547600.0,-0.003322,-0.021505,0,0
rest,3,547700.0,0.000000,-0.024729,0,0
rest,3,547800.0,-0.003021,-0.023634,0,0
rest,3,547900.0,0.000000,-0.024845,0,0
rest,3,548000.0,0.000000,-0.024615,0,0
rest,3,548100.0,-0.003781,-0.023916,0,0
rest,3,548200.0,-0.003091,-0.017937,0,0
rest,3,548300.0,0.000000,-0.014948,0,0
rest,3,548400.0,0.000000,-0.023529,0,0
rest,3,548500.0,-0.003160,-0.024845,0,0
rest,3,548600.0,-0.003367,-0.018018,0,0
rest,3,548700.0,0.000000,-0.020588,0,0
rest,3,548800.0,0.000000,-0.023704,0,0
rest,3,548900.0,-0.003200,-0.027650,0,0
rest,3,549000.0,0.000000,-0.024316,0,0
rest,3,549100.0,0.003623,-0.026667,0,0
rest,3,549200.0,0.003854,-0.017621,0,0
rest,3,549300.0,-0.003030,-0.017725,0,0
rest,3,549400.0,-0.003373,-0.024096,0,0
rest,3,549500.0,0.000000,-0.017910,0,0
rest,3,549600.0,-0.003190,-0.020528,0,0
rest,3,549700.0,0.000000,-0.023916,0,0
rest,3,549800.0,0.000000,-0.023599,0,0
rest,3,549900.0,0.000000,-0.023810,0,0
rest,3,550000.0,-0.002916,-0.024316,0,0
rest,3,550100.0,-0.002972,-0.023916,0,0
rest,3,550200.0,0.000000,-0.024540,0,0
rest,3,550300.0,0.000000,-0.022328,0,0
rest,3,550400.0,-0.003597,-0.020895,0,0
rest,3,550500.0,0.000000,-0.024169,0,0
rest,3,550600.0,-0.006061,-0.018045,0,0
rest,3,550700.0,0.000000,-0.021909,0,0
rest,3,550800.0,-0.003145,-0.024060,0,0
rest,3,550900.0,0.000000,-0.025276,0,0
rest,3,551000.0,0.000000,-0.018072,0,0
rest,3,551100.0,-0.003242,-0.020833,0,0
rest,3,551200.0,-0.003236,-0.024060,0,0
rest,3,551300.0,-0.003155,-0.024353,0,0
rest,3,551400.0,0.000000,-0.021374,0,0
rest,3,551500.0,0.000000,-0.020958,0,0
rest,3,551600.0,0.003030,-0.023529,0,0
rest,3,551700.0,-0.003058,-0.025478,0,0
rest,3,551800.0,0.000000,-0.024279,0,0
rest,3,551900.0,0.000000,-0.018237,0,0
rest,3,552000.0,-0.003263,-0.024024,0,0
rest,3,552100.0,0.000000,-0.022436,0,0
rest,3,552200.0,0.000000,-0.023088,0,0
rest,3,552300.0,0.008889,-0.020864,0,0
rest,3,552400.0,-0.003401,-0.024465,0,0
rest,3,552500.0,0.000000,-0.021374,0,0
rest,3,552600.0,-0.003185,-0.018154,0,0
rest,3,552700.0,-0.003247,-0.024024,0,0
rest,3,552800.0,0.000000,-0.018547,0,0
rest,3,552900.0,-0.003578,-0.022013,0,0
rest,3,553000.0,-0.003263,-0.021244,0,0
rest,3,553100.0,-0.003170,-0.021180,0,0
rest,3,553200.0,-0.003226,-0.021180,0,0
rest,3,553300.0,0.000000,-0.023634,0,0
rest,3,553400.0,-0.002981,-0.018045,0,0
rest,3,553500.0,0.003053,-0.024133,0,0
rest,3,553600.0,-0.002907,-0.021148,0,0
rest,3,553700.0,0.000000,-0.021505,0,0
rest,3,553800.0,-0.006006,-0.023426,0,0
rest,3,553900.0,0.006431,-0.026144,0,0
rest,3,554000.0,-0.003155,-0.021180,0,0
rest,3,554100.0,0.000000,-0.021538,0,0
rest,3,554200.0,0.000000,-0.024169,0,0
rest,3,554300.0,0.000000,-0.024428,0,0
rest,3,554400.0,0.000000,-0.025039,0,0
rest,3,554500.0,-0.003053,-0.026534,0,0
rest,3,554600.0,0.000000,-0.023495,0,0
rest,3,554700.0,0.000000,-0.023599,0,0
rest,3,554800.0,0.000000,-0.018083,0,0
rest,3,554900.0,-0.003356,-0.021407,0,0
rest,3,555000.0,-0.002946,-0.020649,0,0
rest,3,555100.0,-0.003091,-0.020679,0,0
rest,3,555200.0,-0.002894,-0.018209,0,0
rest,3,555300.0,0.000000,-0.018405,0,0
rest,3,555400.0,0.008547,-0.017778,0,0
rest,3,555500.0,-0.006173,-0.026975,0,0
rest,3,555600.0,-0.003026,-0.016393,0,0
rest,3,555700.0,-0.004902,-0.020895,0,0
rest,3,555800.0,0.000000,-0.017673,0,0
rest,3,555900.0,0.000000,-0.021440,0,0
rest,3,556000.0,0.000000,-0.021116,0,0
rest,3,556100.0,-0.003012,-0.021909,0,0
rest,3,556200.0,0.000000,-0.021705,0,0
rest,3,556300.0,0.009615,-0.018018,0,0
rest,3,556400.0,-0.004566,-0.021773,0,0
rest,3,556500.0,-0.003515,-0.022187,0,0
rest,3,556600.0,0.000000,-0.023372,0,0
rest,3,556700.0,0.000000,-0.023222,0,0
rest,3,556800.0,-0.003578,-0.020833,0,0
rest,3,556900.0,0.000000,-0.024133,0,0
rest,3,557000.0,0.000000,-0.020802,0,0
rest,3,557100.0,0.000000,-0.023634,0,0
rest,3,557200.0,-0.002946,-0.023599,0,0
rest,3,557300.0,0.000000,-0.018265,0,0
rest,3,557400.0,-0.003130,-0.025316,0,0
rest,3,557500.0,-0.003407,-0.024615,0,0
rest,3,557600.0,0.000000,-0.020408,0,0
rest,3,557700.0,-0.005944,-0.024729,0,0
rest,3,557800.0,0.000000,-0.023774,0,0
rest,3,557900.0,0.000000,-0.023460,0,0
rest,3,558000.0,-0.003231,-0.018633,0,0
rest,3,558100.0,-0.005747,-0.021021,0,0
rest,3,558200.0,-0.003053,-0.023529,0,0
rest,3,558300.0,-0.002853,-0.021021,0,0
rest,3,558400.0,-0.002972,-0.018605,0,0
rest,3,558500.0,-0.003328,-0.020864,0,0
rest,3,558600.0,0.000000,-0.023810,0,0
rest,3,558700.0,-0.006126,-0.021672,0,0
rest,3,558800.0,0.000000,-0.018721,0,0
rest,3,558900.0,-0.002924,-0.021705,0,0
rest,3,559000.0,-0.003017,-0.023952,0,0
rest,3,559100.0,0.000000,-0.023529,0,0
rest,3,559200.0,-0.003012,-0.021944,0,0
rest,3,559300.0,-0.002886,-0.023916,0,0
rest,3,559400.0,0.000000,-0.021807,0,0
rest,3,559500.0,0.000000,-0.023774,0,0
rest,3,559600.0,-0.002924,-0.021538,0,0
rest,3,559700.0,-0.002916,-0.022293,0,0
rest,3,559800.0,-0.003263,-0.021148,0,0
rest,3,559900.0,-0.003317,-0.024390,0,0
rest,3,560000.0,0.000000,-0.024133,0,0
rest,3,560100.0,0.000000,-0.024316,0,0
rest,3,560200.0,-0.002954,-0.025478,0,0
rest,3,560300.0,0.000000,-0.021909,0,0
rest,3,560400.0,-0.006202,-0.024502,0,0
rest,3,560500.0,0.003007,-0.026016,0,0
rest,3,560600.0,-0.003170,-0.023460,0,0
rest,3,560700.0,-0.002976,-0.025078,0,0
rest,3,560800.0,-0.003035,-0.021978,0,0
rest,3,560900.0,-0.003160,-0.021572,0,0
rest,3,561000.0,-0.004132,-0.018182,0,0
rest,3,561100.0,0.000000,-0.022400,0,0
rest,3,561200.0,-0.003008,-0.015625,0,0
rest,3,561300.0,0.004684,-0.025039,0,0
rest,3,561400.0,-0.002907,-0.021773,0,0
rest,3,561500.0,0.000000,-0.024024,0,0
rest,3,561600.0,-0.003096,-0.020895,0,0
rest,3,561700.0,-0.003026,-0.023022,0,0
rest,3,561800.0,-0.003058,-0.027119,0,0
rest,3,561900.0,0.000000,-0.020864,0,0
rest,3,562000.0,0.000000,-0.023952,0,0
rest,3,562100.0,0.000000,-0.020772,0,0
rest,3,562200.0,0.000000,-0.023256,0,0
rest,3,562300.0,-0.002857,-0.023916,0,0
rest,3,562400.0,-0.002990,-0.023669,0,0
rest,3,562500.0,0.000000,-0.020833,0,0
rest,3,562600.0,0.002954,-0.024502,0,0
rest,3,562700.0,0.000000,-0.021309,0,0
rest,3,562800.0,-0.003268,-0.029466,0,0
rest,3,562900.0,-0.003003,-0.021944,0,0
rest,3,563000.0,-0.002967,-0.023881,0,0
rest,3,563100.0,-0.002994,-0.024279,0,0
rest,3,563200.0,-0.003205,-0.021472,0,0
rest,3,563300.0,-0.002797,-0.023392,0,0
rest,3,563400.0,0.000000,-0.021909,0,0
rest,3,563500.0,-0.002972,-0.020895,0,0
rest,3,563600.0,-0.003356,-0.020649,0,0
rest,3,563700.0,0.000000,-0.023392,0,0
rest,3,563800.0,-0.002849,-0.024428,0,0
rest,3,563900.0,0.000000,-0.023022,0,0
rest,3,564000.0,0.003509,-0.021309,0,0
rest,3,564100.0,-0.002833,-0.018605,0,0
rest,3,564200.0,0.000000,-0.022258,0,0
rest,3,564300.0,0.000000,-0.024390,0,0
rest,3,564400.0,-0.003120,-0.024060,0,0
rest,3,564500.0,0.000000,-0.023739,0,0
rest,3,564600.0,0.000000,-0.023774,0,0
rest,3,564700.0,-0.003044,-0.020833,0,0
rest,3,564800.0,0.000000,-0.020958,0,0
rest,3,564900.0,-0.003322,-0.018721,0,0
rest,3,565000.0,0.000000,-0.015244,0,0
rest,3,565100.0,-0.002920,-0.021538,0,0
rest,3,565200.0,-0.003503,-0.020649,0,0
rest,3,565300.0,-0.002833,-0.021084,0,0
rest,3,565400.0,-0.002920,-0.024133,0,0
rest,3,565500.0,0.000000,-0.024169,0,0
rest,3,565600.0,0.000000,-0.023392,0,0
rest,3,565700.0,-0.003384,-0.024279,0,0
rest,3,565800.0,-0.003454,-0.025000,0,0
rest,3,565900.0,-0.003091,-0.018750,0,0
rest,3,566000.0,0.000000,-0.020173,0,0
rest,3,566100.0,-0.003039,-0.023704,0,0
rest,3,566200.0,0.000000,-0.023952,0,0
rest,3,566300.0,0.000000,-0.023188,0,0
rest,3,566400.0,0.000000,-0.024096,0,0
rest,3,566500.0,0.000000,-0.020895,0,0
rest,3,566600.0,0.003236,-0.025276,0,0
rest,3,566700.0,-0.002805,-0.024390,0,0
rest,3,566800.0,0.000000,-0.023810,0,0
rest,3,566900.0,0.000000,-0.023669,0,0
rest,3,567000.0,-0.002849,-0.021909,0,0
rest,3,567100.0,0.000000,-0.018405,0,0
rest,3,567200.0,-0.002937,-0.020649,0,0
rest,3,567300.0,-0.002894,-0.020895,0,0
rest,3,567400.0,-0.002805,-0.023774,0,0
rest,3,567500.0,0.000000,-0.020173,0,0
rest,3,567600.0,-0.002878,-0.021440,0,0
rest,3,567700.0,-0.002829,-0.023952,0,0
rest,3,567800.0,-0.002829,-0.023460,0,0
rest,3,567900.0,-0.003039,-0.017991,0,0
rest,3,568000.0,-0.002985,-0.020802,0,0
rest,3,568100.0,-0.005814,-0.024540,0,0
rest,3,568200.0,-0.003155,-0.023810,0,0
rest,3,568300.0,-0.002928,-0.024390,0,0
rest,3,568400.0,-0.003210,-0.023810,0,0
rest,3,568500.0,0.000000,-0.023392,0,0
rest,3,568600.0,-0.002899,-0.020741,0,0
rest,3,568700.0,-0.002817,-0.023460,0,0
rest,3,568800.0,-0.002886,-0.024390,0,0
rest,3,568900.0,-0.002837,-0.021084,0,0
rest,3,569000.0,-0.002920,-0.024206,0,0
rest,3,569100.0,0.000000,-0.021341,0,0
rest,3,569200.0,0.000000,-0.020649,0,0
rest,3,569300.0,0.000000,-0.020958,0,0
rest,3,569400.0,0.000000,-0.017804,0,0
rest,3,569500.0,0.000000,-0.017647,0,0
rest,3,569600.0,-0.003039,-0.017544,0,0
rest,3,569700.0,-0.002916,-0.020710,0,0
rest,3,569800.0,-0.003367,-0.021180,0,0
rest,3,569900.0,0.003030,-0.021875,0,0
rest,3,570000.0,-0.002994,-0.014184,0,0
rest,3,570100.0,0.000000,-0.023564,0,0
rest,3,570200.0,-0.002967,-0.020202,0,0
rest,3,570300.0,-0.003021,-0.023952,0,0
rest,3,570400.0,-0.002950,-0.024390,0,0
rest,3,570500.0,-0.005988,-0.021341,0,0
rest,3,570600.0,-0.003096,-0.023022,0,0
rest,3,570700.0,0.000000,-0.023564,0,0
rest,3,570800.0,-0.002878,-0.023088,0,0
rest,3,570900.0,-0.003130,-0.023495,0,0
rest,3,571000.0,-0.002959,-0.021244,0,0
rest,3,571100.0,-0.003077,-0.023810,0,0
rest,3,571200.0,-0.003035,-0.024353,0,0
rest,3,571300.0,-0.006349,-0.024353,0,0
rest,3,571400.0,0.000000,-0.021440,0,0
rest,3,571500.0,0.000000,-0.024540,0,0
rest,3,571600.0,-0.002907,-0.020231,0,0
rest,3,571700.0,-0.002845,-0.020649,0,0
rest,3,571800.0,-0.003101,-0.020990,0,0
rest,3,571900.0,0.000000,-0.009091,0,0
rest,3,572000.0,-0.003049,-0.027523,0,0
rest,3,572100.0,-0.002941,-0.021572,0,0
rest,3,572200.0,0.000000,-0.024096,0,0
rest,3,572300.0,-0.002928,-0.024615,0,0
rest,3,572400.0,-0.002950,-0.023155,0,0
rest,3,572500.0,-0.002981,-0.023916,0,0
rest,3,572600.0,-0.003130,-0.014749,0,0
rest,3,572700.0,-0.006734,-0.021341,0,0
rest,3,572800.0,0.000000,-0.021374,0,0
rest,3,572900.0,0.000000,-0.020877,0,0
rest,3,573000.0,-0.003077,-0.017804,0,0
rest,3,573100.0,0.000000,-0.023774,0,0
rest,3,573200.0,0.000000,-0.023256,0,0
rest,3,573300.0,0.000000,-0.023460,0,0
rest,3,573400.0,0.000000,-0.021374,0,0
rest,3,573500.0,0.000000,-0.023599,0,0
rest,3,573600.0,0.000000,-0.024615,0,0
rest,3,573700.0,0.000000,-0.023704,0,0
rest,3,573800.0,0.000000,-0.024653,0,0
rest,3,573900.0,0.000000,-0.015209,0,0
rest,3,574000.0,0.000000,-0.024768,0,0
rest,3,574100.0,0.000000,-0.024316,0,0
rest,3,574200.0,-0.003063,-0.018416,0,0
rest,3,574300.0,-0.003035,-0.023810,0,0
rest,3,574400.0,-0.003231,-0.023529,0,0
rest,3,574500.0,-0.003026,-0.018519,0,0
rest,3,574600.0,-0.003035,-0.017804,0,0
rest,3,574700.0,-0.002963,-0.021341,0,0
rest,3,574800.0,-0.003215,-0.023088,0,0
rest,3,574900.0,-0.006568,-0.025237,0,0
rest,3,575000.0,-0.003190,-0.023599,0,0
rest,3,575100.0,-0.002845,-0.020202,0,0
rest,3,575200.0,-0.002928,-0.024242,0,0
rest,3,575300.0,-0.003236,-0.025316,0,0
rest,3,575400.0,-0.002954,-0.018237,0,0
rest,3,575500.0,0.000000,-0.020498,0,0
rest,3,575600.0,0.000000,-0.023774,0,0
rest,3,575700.0,-0.002941,-0.020741,0,0
rest,3,575800.0,-0.006088,-0.023599,0,0
rest,3,575900.0,0.000000,-0.023845,0,0
rest,3,576000.0,0.000000,-0.021773,0,0
rest,3,576100.0,-0.003008,-0.023564,0,0
rest,3,576200.0,-0.003115,-0.016611,0,0
rest,3,576300.0,-0.002907,-0.020468,0,0
rest,3,576400.0,-0.004283,-0.025890,0,0
rest,3,576500.0,0.000000,-0.020528,0,0
rest,3,576600.0,-0.002928,-0.017937,0,0
rest,3,576700.0,-0.005882,-0.023564,0,0
rest,3,576800.0,-0.003226,-0.021638,0,0
rest,3,576900.0,-0.002924,-0.024316,0,0
rest,3,577000.0,-0.002994,-0.021739,0,0
rest,3,577100.0,-0.002946,-0.023290,0,0
rest,3,577200.0,-0.002924,-0.020710,0,0
rest,3,577300.0,0.000000,-0.026030,0,0
rest,3,577400.0,0.000000,-0.023564,0,0
rest,3,577500.0,-0.002981,-0.020958,0,0
rest,3,577600.0,0.003026,-0.023088,0,0
rest,3,577700.0,-0.003044,-0.020558,0,0
rest,3,577800.0,0.000000,-0.023810,0,0
rest,3,577900.0,-0.003077,-0.020741,0,0
rest,3,578000.0,-0.002981,-0.021021,0,0
rest,3,578100.0,-0.003091,-0.020679,0,0
rest,3,578200.0,0.000000,-0.017751,0,0
rest,3,578300.0,-0.002954,-0.020679,0,0
rest,3,578400.0,-0.003091,-0.024169,0,0
rest,3,578500.0,-0.002959,-0.024060,0,0
rest,3,578600.0,0.000000,-0.024768,0,0
rest,3,578700.0,0.000000,-0.029173,0,0
rest,3,578800.0,-0.003101,-0.023121,0,0
rest,3,578900.0,-0.003096,-0.027735,0,0
rest,3,579000.0,0.008850,-0.026866,0,0
rest,3,579100.0,-0.003175,-0.026866,0,0
rest,3,579200.0,-0.003135,-0.026627,0,0
rest,3,579300.0,0.000000,-0.018519,0,0
rest,3,579400.0,-0.003175,-0.021605,0,0
rest,3,579500.0,-0.003110,-0.030211,0,0
rest,3,579600.0,-0.003091,-0.027692,0,0
rest,3,579700.0,0.000000,-0.027650,0,0
rest,3,579800.0,-0.003044,-0.023988,0,0
rest,3,579900.0,-0.006309,-0.024096,0,0
rest,3,580000.0,-0.002963,-0.021021,0,0
rest,3,580100.0,-0.007092,-0.019200,0,0
rest,3,580200.0,-0.003906,-0.018648,0,0
rest,3,580300.0,0.003401,-0.020741,0,0
rest,3,580400.0,-0.003012,-0.023564,0,0
rest,3,580500.0,-0.006163,-0.021148,0,0
rest,3,580600.0,-0.003115,-0.023810,0,0
rest,3,580700.0,-0.003091,-0.020802,0,0
rest,3,580800.0,-0.003110,-0.028081,0,0
rest,3,580900.0,0.000000,-0.025682,0,0
rest,3,581000.0,0.000000,-0.030000,0,0
rest,3,581100.0,-0.002967,-0.022013,0,0
rest,3,581200.0,-0.003328,-0.021978,0,0
rest,3,581300.0,-0.003390,-0.024465,0,0
rest,3,581400.0,-0.003053,-0.028481,0,0
rest,3,581500.0,-0.003263,-0.021875,0,0
rest,3,581600.0,-0.002990,-0.026906,0,0
rest,3,581700.0,-0.006250,-0.026187,0,0
rest,3,581800.0,-0.003115,-0.026826,0,0
rest,3,581900.0,-0.002967,-0.024540,0,0
rest,3,582000.0,-0.003175,-0.027607,0,0
rest,3,582100.0,-0.003401,-0.016234,0,0
rest,3,582200.0,-0.003140,-0.017910,0,0
rest,3,582300.0,-0.003106,-0.021341,0,0
rest,3,582400.0,-0.003106,-0.023774,0,0
rest,3,582500.0,-0.002990,-0.021212,0,0
rest,3,582600.0,-0.006042,-0.021148,0,0
rest,3,582700.0,-0.002967,-0.021053,0,0
rest,3,582800.0,0.000000,-0.025890,0,0
rest,3,582900.0,-0.002967,-0.026277,0,0
rest,3,583000.0,0.000000,-0.024060,0,0
rest,3,583100.0,0.000000,-0.026786,0,0
rest,3,583200.0,-0.003170,-0.028257,0,0
rest,3,583300.0,-0.003044,-0.024540,0,0
rest,3,583400.0,0.000000,-0.024578,0,0
rest,3,583500.0,-0.003155,-0.023599,0,0
rest,3,583600.0,-0.003339,-0.026706,0,0
rest,3,583700.0,-0.003472,-0.023845,0,0
rest,3,583800.0,-0.003390,-0.021705,0,0
rest,3,583900.0,-0.003413,-0.020833,0,0
rest,3,584000.0,-0.003170,-0.024465,0,0
rest,3,584100.0,-0.003021,-0.026801,0,0
rest,3,584200.0,0.000000,-0.021341,0,0
rest,3,584300.0,-0.003115,-0.023845,0,0
rest,3,584400.0,-0.003390,-0.027994,0,0
rest,3,584500.0,-0.002981,-0.025039,0,0
rest,3,584600.0,-0.002976,-0.029197,0,0
rest,3,584700.0,0.000000,-0.027397,0,0
rest,3,584800.0,0.000000,-0.024465,0,0
rest,3,584900.0,-0.003257,-0.023774,0,0
rest,3,585000.0,-0.003120,-0.017857,0,0
rest,3,585100.0,-0.002998,-0.021148,0,0
rest,3,585200.0,-0.003039,-0.023810,0,0
rest,3,585300.0,-0.006107,-0.020478,0,0
rest,3,585400.0,0.004975,-0.020772,0,0
rest,3,585500.0,0.003759,-0.024353,0,0
rest,3,585600.0,-0.003058,-0.023495,0,0
rest,3,585700.0,-0.005479,-0.026403,0,0
rest,3,585800.0,0.003361,-0.018490,0,0
rest,3,585900.0,-0.002920,-0.023426,0,0
rest,3,586000.0,-0.006144,-0.021505,0,0
rest,3,586100.0,-0.002972,-0.026316,0,0
rest,3,586200.0,-0.003257,-0.023916,0,0
rest,3,586300.0,0.000000,-0.024169,0,0
rest,3,586400.0,-0.002994,-0.023599,0,0
rest,3,586500.0,-0.003049,-0.023881,0,0
rest,3,586600.0,0.000000,-0.028125,0,0
rest,3,586700.0,-0.005961,-0.021472,0,0
rest,3,586800.0,-0.002959,-0.026277,0,0
rest,3,586900.0,-0.003263,-0.027565,0,0
rest,3,587000.0,-0.003021,-0.027523,0,0
rest,3,587100.0,-0.003067,-0.024428,0,0
rest,3,587200.0,-0.002981,-0.026510,0,0
rest,3,587300.0,-0.003026,-0.024206,0,0
rest,3,587400.0,-0.003058,-0.023669,0,0
rest,3,587500.0,-0.002985,-0.027356,0,0
rest,3,587600.0,-0.006042,-0.023916,0,0
rest,3,587700.0,-0.003130,-0.024242,0,0
rest,3,587800.0,-0.003170,-0.031898,0,0
rest,3,587900.0,-0.002998,-0.029197,0,0
rest,3,588000.0,-0.003200,-0.024206,0,0
rest,3,588100.0,-0.002981,-0.029197,0,0
rest,3,588200.0,-0.003017,-0.025937,0,0
rest,3,588300.0,-0.006116,-0.030075,0,0
rest,3,588400.0,-0.003003,-0.023055,0,0
rest,3,588500.0,0.000000,-0.027481,0,0
rest,3,588600.0,0.000000,-0.028617,0,0
rest,3,588700.0,-0.003960,-0.025316,0,0
rest,3,588800.0,-0.003003,-0.026239,0,0
rest,3,588900.0,0.000000,-0.024922,0,0
rest,3,589000.0,0.000000,-0.020927,0,0
rest,3,589100.0,-0.003067,-0.023088,0,0
rest,3,589200.0,-0.008333,-0.030354,0,0
rest,3,589300.0,-0.005988,-0.024961,0,0
rest,3,589400.0,-0.003401,-0.027108,0,0
rest,3,589500.0,0.000000,-0.031646,0,0
rest,3,589600.0,-0.002937,-0.024428,0,0
rest,3,589700.0,-0.003125,-0.023845,0,0
rest,3,589800.0,-0.003035,-0.025937,0,0
rest,3,589900.0,-0.006154,-0.027108,0,0
rest,3,590000.0,-0.006515,-0.022187,0,0
rest,3,590100.0,-0.006070,-0.020864,0,0
rest,3,590200.0,-0.003170,-0.020864,0,0
rest,3,590300.0,-0.003953,-0.029455,0,0
rest,3,590400.0,-0.006221,-0.030960,0,0
rest,3,590500.0,-0.003180,-0.030769,0,0
rest,3,590600.0,-0.006369,-0.020895,0,0
rest,3,590700.0,-0.003534,-0.024306,0,0
rest,3,590800.0,-0.006289,-0.027907,0,0
rest,3,590900.0,-0.003226,-0.024024,0,0
rest,3,591000.0,-0.003106,-0.024024,0,0
rest,3,591100.0,-0.003311,-0.026446,0,0
rest,3,591200.0,-0.006163,-0.028037,0,0
rest,3,591300.0,-0.006182,-0.024060,0,0
rest,3,591400.0,-0.003155,-0.024206,0,0
rest,3,591500.0,-0.003339,-0.019048,0,0
rest,3,591600.0,-0.006390,-0.028302,0,0
rest,3,591700.0,-0.003273,-0.027565,0,0
rest,3,591800.0,-0.002972,-0.024961,0,0
rest,3,591900.0,-0.006400,-0.025157,0,0
rest,3,592000.0,0.000000,-0.028860,0,0
rest,3,592100.0,-0.007105,-0.024306,0,0
rest,3,592200.0,-0.006838,-0.031949,0,0
rest,3,592300.0,-0.003185,-0.030488,0,0
rest,3,592400.0,-0.006182,-0.026706,0,0
rest,3,592500.0,-0.006250,-0.024729,0,0
rest,3,592600.0,-0.006079,-0.023916,0,0
rest,3,592700.0,-0.006061,-0.021672,0,0
rest,3,592800.0,-0.003063,-0.029674,0,0
rest,3,592900.0,-0.006173,-0.030912,0,0
rest,3,593000.0,-0.003035,-0.026786,0,0
rest,3,593100.0,-0.003273,-0.028902,0,0
rest,3,593200.0,-0.003012,-0.028736,0,0
rest,3,593300.0,0.000000,-0.029070,0,0
rest,3,593400.0,-0.003086,-0.023845,0,0
rest,3,593500.0,-0.003300,-0.026432,0,0
rest,3,593600.0,-0.003120,-0.023845,0,0
rest,3,593700.0,-0.006098,-0.025237,0,0
rest,3,593800.0,-0.003268,-0.018209,0,0
rest,3,593900.0,-0.002805,-0.027523,0,0
rest,3,594000.0,-0.003077,-0.025237,0,0
rest,3,594100.0,-0.006163,-0.032362,0,0
rest,3,594200.0,-0.003466,-0.029940,0,0
rest,3,594300.0,-0.003185,-0.027481,0,0
rest,3,594400.0,-0.006230,-0.029586,0,0
rest,3,594500.0,-0.002869,-0.030395,0,0
rest,3,594600.0,-0.006079,-0.023810,0,0
rest,3,594700.0,-0.006070,-0.026510,0,0
rest,3,594800.0,-0.006240,-0.027735,0,0
rest,3,594900.0,-0.003165,-0.025890,0,0
rest,3,595000.0,-0.002933,-0.030534,0,0
rest,3,595100.0,-0.003053,-0.030030,0,0
rest,3,595200.0,0.000000,-0.028902,0,0
rest,3,595300.0,-0.002805,-0.026786,0,0
rest,3,595400.0,-0.002805,-0.030349,0,0
rest,3,595500.0,-0.006015,-0.030441,0,0
rest,3,595600.0,-0.002805,-0.028986,0,0
rest,3,595700.0,-0.006493,-0.025518,0,0
rest,3,595800.0,-0.003026,-0.029851,0,0
rest,3,595900.0,-0.006061,-0.020741,0,0
rest,3,596000.0,-0.003425,-0.020725,0,0
rest,3,596100.0,-0.006896,-0.018519,0,0
rest,3,596200.0,-0.003559,0.000000,0,0
rest,3,596300.0,0.000000,-0.004115,0,0
rest,3,596400.0,-0.005831,-0.022047,0,0
rest,3,596500.0,-0.006400,-0.021053,0,0
rest,3,596600.0,-0.002874,-0.028777,0,0
rest,3,596700.0,-0.003317,-0.024845,0,0
rest,3,596800.0,-0.006070,-0.020067,0,0
rest,3,596900.0,-0.003175,-0.023739,0,0
rest,3,597000.0,-0.002985,-0.020864,0,0
rest,3,597100.0,-0.003053,-0.023188,0,0
rest,3,597200.0,0.000000,-0.020833,0,0
rest,3,597300.0,-0.003160,-0.030675,0,0
rest,3,597400.0,-0.006088,-0.018633,0,0
rest,3,597500.0,-0.005805,-0.024922,0,0
rest,3,597600.0,-0.006015,-0.026746,0,0
rest,3,597700.0,-0.003497,-0.054545,0,0
rest,3,597800.0,-0.002894,-0.029630,0,0
rest,3,597900.0,0.003268,-0.030395,0,0
rest,3,598000.0,-0.002874,-0.028902,0,0
rest,3,598100.0,-0.003021,-0.026627,0,0
rest,3,598200.0,-0.003026,-0.026627,0,0
rest,3,598300.0,0.000000,-0.021309,0,0
rest,3,598400.0,-0.006033,-0.019048,0,0
rest,3,598500.0,-0.002837,-0.027068,0,0
rest,3,598600.0,-0.003101,-0.026393,0,0
rest,3,598700.0,-0.006070,-0.027994,0,0
rest,3,598800.0,-0.006339,-0.026144,0,0
rest,3,598900.0,-0.002946,-0.023704,0,0
rest,3,599000.0,0.000000,-0.026316,0,0
rest,3,599100.0,-0.002985,-0.029155,0,0
rest,3,599200.0,-0.002805,-0.023952,0,0
rest,3,599300.0,0.000000,-0.024133,0,0
rest,3,599400.0,-0.006221,-0.024691,0,0
rest,3,599500.0,-0.002916,-0.023669,0,0
rest,3,599600.0,-0.002941,-0.030488,0,0
rest,3,599700.0,-0.003101,-0.024390,0,0
rest,3,599800.0,-0.002920,-0.026627,0,0
rest,3,599900.0,-0.006088,-0.019835,0,0
rest,3,600000.0,-0.003120,-0.023739,0,0
rest,3,600100.0,-0.006098,-0.025357,0,0
rest,3,600200.0,0.008584,-0.029630,0,0
rest,3,600300.0,-0.003039,-0.029499,0,0
rest,3,600400.0,0.000000,-0.030488,0,0
rest,3,600500.0,-0.003247,-0.026588,0,0
rest,3,600600.0,-0.002920,-0.023774,0,0
rest,3,600700.0,-0.002967,-0.020772,0,0
rest,3,600800.0,-0.003115,-0.021472,0,0
rest,3,600900.0,-0.005714,-0.021116,0,0
rest,3,601000.0,-0.006221,-0.018633,0,0
rest,3,601100.0,-0.004193,-0.024691,0,0
rest,3,601200.0,-0.003247,-0.023564,0,0
rest,3,601300.0,-0.003242,-0.021180,0,0
rest,3,601400.0,0.000000,-0.018127,0,0
rest,3,601500.0,-0.003205,-0.018265,0,0
rest,3,601600.0,-0.003210,-0.021148,0,0
rest,3,601700.0,-0.002837,-0.018405,0,0
rest,3,601800.0,-0.002924,-0.020619,0,0
rest,3,601900.0,-0.003101,-0.020528,0,0
rest,3,602000.0,-0.003300,-0.019704,0,0
rest,3,602100.0,-0.003130,0.000000,0,0
rest,3,602200.0,-0.003012,-0.020588,0,0
rest,3,602300.0,-0.003284,-0.023669,0,0
rest,3,602400.0,-0.003017,-0.023774,0,0
rest,3,602500.0,-0.003039,-0.023290,0,0
rest,3,602600.0,0.000000,-0.024353,0,0
rest,3,602700.0,-0.003175,-0.023495,0,0
rest,3,602800.0,0.000000,-0.024578,0,0
rest,3,602900.0,-0.003017,-0.023022,0,0
rest,3,603000.0,-0.003012,-0.021212,0,0
rest,3,603100.0,-0.006088,-0.021638,0,0
rest,3,603200.0,0.000000,-0.020619,0,0
rest,3,603300.0,-0.006329,-0.019493,0,0
rest,3,603400.0,-0.003053,-0.018633,0,0
rest,3,603500.0,-0.003053,-0.023762,0,0
rest,3,603600.0,-0.006270,-0.021739,0,0
rest,3,603700.0,-0.006270,-0.009174,0,0
rest,3,603800.0,-0.006015,-0.019231,0,0
rest,3,603900.0,-0.006135,-0.018927,0,0
rest,3,604000.0,-0.006154,-0.018987,0,0
rest,3,604100.0,0.000000,-0.021090,0,0
rest,3,604200.0,-0.002924,-0.020173,0,0
rest,3,604300.0,-0.002907,-0.017857,0,0
rest,3,604400.0,-0.002903,-0.019231,0,0
rest,3,604500.0,-0.003053,-0.020958,0,0
rest,3,604600.0,-0.003017,-0.021572,0,0
rest,3,604700.0,-0.006339,-0.018519,0,0
rest,3,604800.0,-0.002937,-0.020797,0,0
rest,3,604900.0,-0.002946,-0.015015,0,0
rest,3,605000.0,-0.002990,-0.021505,0,0
rest,3,605100.0,-0.002882,-0.018605,0,0
rest,3,605200.0,-0.006070,-0.015480,0,0
rest,3,605300.0,-0.002894,-0.020895,0,0
rest,3,605400.0,-0.002933,-0.018605,0,0
rest,3,605500.0,-0.006339,0.000000,0,0
rest,3,605600.0,-0.006070,-0.015949,0,0
rest,3,605700.0,-0.006033,-0.015290,0,0
rest,3,605800.0,-0.004237,-0.019608,0,0
rest,3,605900.0,-0.003236,-0.020173,0,0
rest,3,606000.0,-0.003210,-0.020958,0,0
rest,3,606100.0,-0.006042,-0.021605,0,0
rest,3,606200.0,-0.006260,-0.024578,0,0
rest,3,606300.0,-0.005891,-0.023460,0,0
rest,3,606400.0,-0.006289,-0.023881,0,0
rest,3,606500.0,-0.006515,-0.021407,0,0
rest,3,606600.0,-0.005857,-0.021705,0,0
rest,3,606700.0,-0.006240,-0.020710,0,0
rest,3,606800.0,-0.005797,-0.024390,0,0
rest,3,606900.0,-0.006033,-0.015601,0,0
rest,3,607000.0,-0.003145,-0.016722,0,0
rest,3,607100.0,-0.003053,-0.018182,0,0
rest,3,607200.0,-0.005755,-0.021053,0,0
rest,3,607300.0,-0.005857,-0.020202,0,0
rest,3,607400.0,-0.008876,-0.024316,0,0
rest,3,607500.0,-0.005780,-0.023324,0,0
rest,3,607600.0,-0.009479,-0.008130,0,0
rest,3,607700.0,-0.003205,-0.024316,0,0
rest,3,607800.0,-0.006260,-0.023301,0,0
rest,3,607900.0,-0.006221,-0.024428,0,0
rest,3,608000.0,-0.005882,-0.018663,0,0
rest,3,608100.0,-0.005714,-0.024390,0,0
rest,3,608200.0,-0.006163,-0.017621,0,0
rest,3,608300.0,-0.008658,-0.024133,0,0
rest,3,608400.0,-0.005789,-0.018100,0,0
rest,3,608500.0,-0.005935,-0.023358,0,0
rest,3,608600.0,-0.006369,-0.021672,0,0
rest,3,608700.0,-0.006192,-0.018868,0,0
rest,3,608800.0,-0.008902,-0.023290,0,0
rest,3,608900.0,-0.009036,-0.021244,0,0
rest,3,609000.0,-0.006015,-0.024316,0,0
rest,3,609100.0,-0.003030,-0.024540,0,0
rest,3,609200.0,-0.009346,-0.023166,0,0
rest,3,609300.0,-0.005891,-0.015748,0,0
rest,3,609400.0,-0.009132,-0.015576,0,0
rest,3,609500.0,-0.003992,-0.009259,0,0
rest,3,609600.0,-0.009036,-0.024390,0,0
rest,3,609700.0,-0.006250,-0.024279,0,0
rest,3,609800.0,-0.006270,-0.024316,0,0
rest,3,609900.0,-0.006380,-0.019200,0,0
rest,3,610000.0,-0.008016,-0.009569,0,0
rest,3,610100.0,-0.005626,-0.024428,0,0
rest,3,610200.0,-0.008889,-0.027068,0,0
rest,3,610300.0,-0.005722,-0.027607,0,0
rest,3,610400.0,-0.005848,-0.026316,0,0
rest,3,610500.0,-0.005882,-0.025600,0,0
rest,3,610600.0,-0.006061,-0.023952,0,0
rest,3,610700.0,-0.009404,-0.023102,0,0
rest,3,610800.0,-0.005789,-0.026471,0,0
rest,3,610900.0,-0.005944,-0.026277,0,0
rest,3,611000.0,-0.006452,-0.025078,0,0
rest,3,611100.0,-0.002998,-0.023333,0,0
rest,3,611200.0,-0.008584,-0.023810,0,0
rest,3,611300.0,-0.005908,-0.024353,0,0
rest,3,611400.0,-0.006289,-0.024578,0,0
rest,3,611500.0,-0.006070,-0.025862,0,0
rest,3,611600.0,-0.007463,-0.009217,0,0
rest,3,611700.0,-0.011928,-0.018141,0,0
rest,3,611800.0,-0.006070,-0.023529,0,0
rest,3,611900.0,-0.009259,-0.026187,0,0
rest,3,612000.0,-0.009346,-0.022770,0,0
rest,3,612100.0,-0.006289,-0.024279,0,0
rest,3,612200.0,-0.009772,-0.023564,0,0
rest,3,612300.0,-0.006644,-0.024353,0,0
rest,3,612400.0,-0.006568,-0.025078,0,0
rest,3,612500.0,-0.006006,-0.026946,0,0
rest,3,612600.0,-0.008955,-0.026125,0,0
rest,3,612700.0,-0.003295,-0.023704,0,0
rest,3,612800.0,-0.006079,-0.026946,0,0
rest,3,612900.0,-0.002865,-0.024169,0,0
rest,3,613000.0,-0.009509,-0.028169,0,0
rest,3,613100.0,-0.008798,-0.026588,0,0
rest,3,613200.0,-0.005970,-0.020173,0,0
rest,3,613300.0,-0.008772,-0.025478,0,0
rest,3,613400.0,-0.006230,-0.023952,0,0
rest,3,613500.0,-0.009479,-0.025316,0,0
rest,3,613600.0,-0.006135,-0.026588,0,0
rest,3,613700.0,-0.009217,-0.024242,0,0
rest,3,613800.0,-0.006359,-0.022876,0,0
rest,3,613900.0,-0.006400,-0.026986,0,0
rest,3,614000.0,-0.003145,-0.026359,0,0
rest,3,614100.0,-0.008996,-0.028081,0,0
rest,3,614200.0,-0.002967,-0.027027,0,0
rest,3,614300.0,-0.009449,-0.025641,0,0
rest,3,614400.0,-0.006024,-0.026786,0,0
rest,3,614500.0,-0.005772,-0.026578,0,0
rest,3,614600.0,-0.008969,-0.023845,0,0
rest,3,614700.0,-0.008646,-0.026756,0,0
rest,3,614800.0,-0.006182,-0.023916,0,0
rest,3,614900.0,-0.006462,-0.024206,0,0
rest,3,615000.0,-0.006431,-0.026471,0,0
rest,3,615100.0,-0.006441,-0.027650,0,0
rest,3,615200.0,-0.006452,-0.026354,0,0
rest,3,615300.0,-0.002817,-0.024465,0,0
rest,3,615400.0,-0.006920,-0.025000,0,0
rest,3,615500.0,-0.006441,-0.021116,0,0
rest,3,615600.0,-0.003200,-0.027027,0,0
rest,3,615700.0,-0.008969,-0.021875,0,0
rest,3,615800.0,-0.006410,-0.026393,0,0
rest,3,615900.0,-0.006369,-0.021309,0,0
rest,3,616000.0,-0.006015,-0.023358,0,0
rest,3,616100.0,-0.008915,-0.021773,0,0
rest,3,616200.0,-0.009146,-0.021244,0,0
rest,3,616300.0,-0.006339,-0.023891,0,0
rest,3,616400.0,-0.009390,-0.025180,0,0
rest,3,616500.0,-0.006250,-0.031250,0,0
rest,3,616600.0,-0.006006,-0.027027,0,0
rest,3,616700.0,-0.002959,-0.021739,0,0
rest,3,616800.0,-0.003195,-0.027439,0,0
rest,3,616900.0,-0.005917,-0.026986,0,0
rest,3,617000.0,-0.008837,-0.027778,0,0
rest,3,617100.0,-0.009146,-0.024615,0,0
rest,3,617200.0,-0.006319,-0.027994,0,0
rest,3,617300.0,-0.006221,-0.025862,0,0
rest,3,617400.0,-0.009245,-0.026471,0,0
rest,3,617500.0,-0.009419,-0.024024,0,0
rest,3,617600.0,-0.009494,-0.026393,0,0
rest,3,617700.0,-0.005797,-0.024961,0,0
rest,3,617800.0,-0.011429,-0.019231,0,0
rest,3,617900.0,-0.006135,-0.026239,0,0
rest,3,618000.0,-0.008734,-0.025862,0,0
rest,3,618100.0,-0.009188,-0.018182,0,0
rest,3,618200.0,-0.008734,-0.026627,0,0
rest,3,618300.0,-0.005926,-0.027068,0,0
rest,3,618400.0,-0.008929,-0.024060,0,0
rest,3,618500.0,-0.009600,-0.024316,0,0
rest,3,618600.0,-0.009245,-0.021672,0,0
rest,3,618700.0,-0.006319,-0.027481,0,0
rest,3,618800.0,-0.010170,-0.026667,0,0
rest,3,618900.0,-0.012085,-0.024615,0,0
rest,3,619000.0,-0.006260,-0.027439,0,0
rest,3,619100.0,-0.003490,-0.027821,0,0
rest,3,619200.0,-0.006230,-0.025862,0,0
rest,3,619300.0,-0.011905,-0.022472,0,0
rest,3,619400.0,-0.003160,-0.021807,0,0
rest,3,619500.0,-0.006319,-0.027397,0,0
rest,3,619600.0,-0.006221,-0.026277,0,0
rest,3,619700.0,-0.008696,-0.026471,0,0
rest,3,619800.0,-0.008969,-0.027735,0,0
rest,3,619900.0,-0.009554,-0.017953,0,0
rest,3,620000.0,-0.005970,-0.018519,0,0
rest,3,620100.0,-0.008876,-0.025862,0,0
rest,3,620200.0,0.000000,-0.027231,0,0
rest,3,620300.0,-0.009217,-0.026627,0,0
rest,3,620400.0,-0.009772,-0.025518,0,0
rest,3,620500.0,-0.009600,-0.021341,0,0
rest,3,620600.0,-0.008942,-0.024883,0,0
rest,3,620700.0,-0.008708,-0.024390,0,0
rest,3,620800.0,-0.009317,-0.020373,0,0
rest,3,620900.0,-0.008955,-0.024540,0,0
rest,3,621000.0,-0.008772,-0.027735,0,0
rest,3,621100.0,-0.005839,-0.027027,0,0
rest,3,621200.0,-0.008683,-0.026471,0,0
rest,3,621300.0,-0.009375,-0.026277,0,0
rest,3,621400.0,-0.008633,-0.028037,0,0
rest,3,621500.0,-0.009464,-0.027273,0,0
rest,3,621600.0,-0.009375,-0.026826,0,0
rest,3,621700.0,-0.006270,-0.027907,0,0
rest,3,621800.0,-0.008902,-0.028302,0,0
rest,3,621900.0,-0.008403,-0.026432,0,0
rest,3,622000.0,-0.008798,-0.028436,0,0
rest,3,622100.0,-0.009063,-0.027068,0,0
rest,3,622200.0,-0.011852,-0.018490,0,0
rest,3,622300.0,-0.009036,-0.024465,0,0
rest,3,622400.0,-0.012177,-0.024465,0,0
rest,3,622500.0,-0.006380,-0.023102,0,0
rest,3,622600.0,-0.008969,-0.024653,0,0
rest,3,622700.0,-0.008798,-0.027692,0,0
rest,3,622800.0,-0.009346,-0.024615,0,0
rest,3,622900.0,-0.008746,-0.024502,0,0
rest,3,623000.0,-0.008671,-0.024279,0,0
rest,3,623100.0,-0.003021,-0.027778,0,0
rest,3,623200.0,-0.009132,-0.022047,0,0
rest,3,623300.0,-0.009346,-0.025357,0,0
rest,3,623400.0,-0.006250,-0.026354,0,0
rest,3,623500.0,-0.008811,-0.023495,0,0
rest,3,623600.0,-0.005979,-0.020895,0,0
rest,3,623700.0,-0.008863,-0.021277,0,0
rest,3,623800.0,-0.009050,-0.024279,0,0
rest,3,623900.0,-0.006015,-0.024615,0,0
rest,3,624000.0,-0.008772,-0.026510,0,0
rest,3,624100.0,-0.009917,-0.026906,0,0
rest,3,624200.0,-0.009434,-0.027273,0,0
rest,3,624300.0,-0.009023,-0.024540,0,0
rest,3,624400.0,-0.008811,-0.021841,0,0
rest,3,624500.0,-0.008646,-0.026746,0,0
rest,3,624600.0,-0.005690,-0.021053,0,0
rest,3,624700.0,-0.012012,-0.025641,0,0
rest,3,624800.0,-0.009132,-0.021472,0,0
rest,3,624900.0,-0.012520,-0.022951,0,0
rest,3,625000.0,-0.009317,-0.027730,0,0
rest,3,625100.0,-0.008955,-0.023634,0,0
rest,3,625200.0,-0.012103,-0.024691,0,0
rest,3,625300.0,-0.012232,-0.024316,0,0
rest,3,625400.0,-0.009317,-0.024138,0,0
rest,3,625500.0,-0.012177,-0.024615,0,0
rest,3,625600.0,-0.012270,-0.027692,0,0
rest,3,625700.0,-0.012480,-0.028571,0,0
rest,3,625800.0,-0.011450,-0.028037,0,0
rest,3,625900.0,-0.009231,-0.021472,0,0
rest,3,626000.0,-0.008772,-0.021277,0,0
rest,3,626100.0,-0.011662,-0.019493,0,0
rest,3,626200.0,-0.008902,-0.023392,0,0
rest,3,626300.0,-0.009160,-0.019386,0,0
rest,3,626400.0,-0.009449,-0.021277,0,0
rest,3,626500.0,-0.009524,-0.027356,0,0
rest,3,626600.0,-0.009160,-0.024845,0,0
rest,3,626700.0,-0.006240,-0.037736,0,0
rest,3,626800.0,-0.010000,-0.024691,0,0
rest,3,626900.0,-0.008989,-0.038168,0,0
rest,3,627000.0,-0.008746,-0.029985,0,0
rest,3,627100.0,-0.012422,-0.027397,0,0
rest,3,627200.0,-0.012365,-0.019544,0,0
rest,3,627300.0,-0.008658,-0.019802,0,0
rest,3,627400.0,-0.012559,-0.018100,0,0
rest,3,627500.0,-0.010204,-0.022814,0,0
rest,3,627600.0,-0.009063,-0.021875,0,0
rest,3,627700.0,-0.008721,-0.030075,0,0
rest,3,627800.0,-0.012480,-0.026801,0,0
rest,3,627900.0,-0.005900,-0.028777,0,0
rest,3,628000.0,-0.009009,-0.027068,0,0
rest,3,628100.0,-0.008721,-0.026163,0,0
rest,3,628200.0,-0.005682,-0.023669,0,0
rest,3,628300.0,-0.009709,-0.022624,0,0
rest,3,628400.0,-0.012862,-0.020583,0,0
rest,3,628500.0,-0.012800,-0.027586,0,0
rest,3,628600.0,-0.008683,-0.024691,0,0
rest,3,628700.0,-0.008596,-0.026125,0,0
rest,3,628800.0,-0.008621,-0.033384,0,0
rest,3,628900.0,-0.006116,-0.027231,0,0
rest,3,629000.0,-0.009217,-0.012270,0,0
rest,3,629100.0,-0.011561,-0.032787,0,0
rest,3,629200.0,-0.009554,-0.027068,0,0
rest,3,629300.0,-0.008658,-0.030075,0,0
rest,3,629400.0,-0.009160,-0.045872,0,0
rest,3,629500.0,-0.012422,-0.036975,0,0
rest,3,629600.0,-0.012384,-0.027027,0,0
rest,3,629700.0,-0.012403,-0.027864,0,0
rest,3,629800.0,-0.009375,-0.024742,0,0
rest,3,629900.0,-0.008811,-0.023881,0,0
rest,3,630000.0,-0.005674,-0.026786,0,0
rest,3,630100.0,-0.008451,-0.030395,0,0
rest,3,630200.0,-0.008708,-0.023121,0,0
rest,3,630300.0,-0.010204,-0.031603,0,0
rest,3,630400.0,-0.009174,-0.021505,0,0
rest,3,630500.0,-0.008646,-0.030864,0,0
rest,3,630600.0,-0.008915,-0.029499,0,0
rest,3,630700.0,-0.005935,-0.021212,0,0
rest,3,630800.0,-0.008658,-0.027481,0,0
rest,3,630900.0,-0.008850,-0.024169,0,0
rest,3,631000.0,-0.005764,-0.024316,0,0
rest,3,631100.0,-0.008785,-0.023290,0,0
rest,3,631200.0,-0.006116,-0.027108,0,0
rest,3,631300.0,-0.005755,-0.018663,0,0
rest,3,631400.0,-0.008837,-0.024048,0,0
rest,3,631500.0,-0.008982,-0.021212,0,0
rest,3,631600.0,-0.008403,-0.028346,0,0
rest,3,631700.0,-0.009772,-0.027257,0,0
rest,3,631800.0,-0.008646,-0.022472,0,0
rest,3,631900.0,-0.006634,-0.025974,0,0
rest,3,632000.0,-0.009050,-0.029895,0,0
rest,3,632100.0,-0.009524,-0.026471,0,0
rest,3,632200.0,-0.008499,-0.026163,0,0
rest,3,632300.0,-0.005848,-0.036885,0,0
rest,3,632400.0,-0.009023,-0.025397,0,0
rest,3,632500.0,-0.008889,-0.022117,0,0
rest,3,632600.0,0.003086,-0.021180,0,0
rest,3,632700.0,-0.008850,-0.023022,0,0
rest,3,632800.0,-0.009091,-0.026786,0,0
rest,3,632900.0,-0.009585,-0.029197,0,0
rest,3,633000.0,-0.004444,-0.034188,0,0
rest,3,633100.0,-0.009740,-0.015873,0,0
rest,3,633200.0,-0.006116,-0.024961,0,0
rest,3,633300.0,-0.009105,-0.018490,0,0
rest,3,633400.0,-0.004149,-0.018727,0,0
rest,3,633500.0,-0.012270,-0.027397,0,0
rest,3,633600.0,0.008130,-0.029575,0,0
rest,3,633700.0,-0.012384,-0.025276,0,0
rest,3,633800.0,-0.012559,-0.024729,0,0
rest,3,633900.0,-0.008683,-0.018237,0,0
rest,3,634000.0,-0.009390,-0.020134,0,0
rest,3,634100.0,-0.008982,-0.020802,0,0
rest,3,634200.0,-0.008772,-0.020833,0,0
rest,3,634300.0,-0.009820,-0.029032,0,0
rest,3,634400.0,-0.002985,-0.021341,0,0
rest,3,634500.0,-0.008915,-0.027735,0,0
rest,3,634600.0,-0.005772,-0.020619,0,0
rest,3,634700.0,-0.009288,-0.027068,0,0
rest,3,634800.0,-0.008721,-0.022293,0,0
rest,3,634900.0,-0.003221,-0.026706,0,0
rest,3,635000.0,-0.008955,-0.022472,0,0
rest,3,635100.0,-0.004301,-0.025926,0,0
rest,3,635200.0,-0.011577,-0.021244,0,0
rest,3,635300.0,-0.009091,-0.026277,0,0
rest,3,635400.0,-0.006689,-0.024806,0,0
rest,3,635500.0,-0.008734,-0.023529,0,0
rest,3,635600.0,-0.009390,-0.019293,0,0
rest,3,635700.0,-0.009160,-0.024353,0,0
rest,3,635800.0,-0.012289,-0.026071,0,0
rest,3,635900.0,-0.003515,-0.028037,0,0
rest,3,636000.0,-0.012678,-0.023460,0,0
rest,3,636100.0,-0.006289,-0.018633,0,0
rest,3,636200.0,-0.009346,-0.018018,0,0
rest,3,636300.0,-0.006079,-0.023704,0,0
rest,3,636400.0,-0.005874,-0.024653,0,0
rest,3,636500.0,-0.008608,-0.027565,0,0
rest,3,636600.0,-0.006504,-0.027027,0,0
rest,3,636700.0,-0.008571,-0.021407,0,0
rest,3,636800.0,-0.009023,-0.021538,0,0
rest,3,636900.0,-0.012598,-0.026168,0,0
rest,3,637000.0,-0.006098,-0.027231,0,0
rest,3,637100.0,-0.009188,-0.026316,0,0
rest,3,637200.0,-0.008608,-0.027108,0,0
rest,3,637300.0,-0.008863,-0.027273,0,0
rest,3,637400.0,-0.005714,-0.028302,0,0
rest,3,637500.0,-0.009709,-0.025478,0,0
rest,3,637600.0,-0.009036,-0.021180,0,0
rest,3,637700.0,-0.008658,-0.021374,0,0
rest,3,637800.0,-0.009105,-0.026667,0,0
rest,3,637900.0,-0.009202,-0.026986,0,0
rest,3,638000.0,-0.008863,-0.015152,0,0
rest,3,638100.0,-0.008511,-0.024169,0,0
rest,3,638200.0,-0.008683,-0.024768,0,0
rest,3,638300.0,-0.009091,-0.026471,0,0
rest,3,638400.0,-0.008708,-0.027273,0,0
rest,3,638500.0,-0.009160,-0.026354,0,0
rest,3,638600.0,-0.009404,-0.026746,0,0
rest,3,638700.0,-0.009868,-0.028436,0,0
rest,3,638800.0,-0.012658,-0.033272,0,0
rest,3,638900.0,-0.009852,-0.026510,0,0
rest,3,639000.0,-0.008850,-0.018237,0,0
rest,3,639100.0,-0.008559,-0.022364,0,0
rest,3,639200.0,-0.009063,-0.018127,0,0
rest,3,639300.0,-0.006826,-0.026059,0,0
rest,3,639400.0,-0.008658,-0.022690,0,0
rest,3,639500.0,-0.008746,-0.027397,0,0
rest,3,639600.0,-0.008721,-0.030405,0,0
rest,3,639700.0,-0.009360,-0.027565,0,0
rest,3,639800.0,-0.009050,-0.025862,0,0
rest,3,639900.0,-0.003012,-0.027190,0,0
rest,3,640000.0,-0.008547,-0.030710,0,0
rest,3,640100.0,-0.009709,-0.023774,0,0
rest,3,640200.0,-0.012800,-0.014235,0,0
rest,3,640300.0,-0.008523,-0.027565,0,0
rest,3,640400.0,-0.012862,-0.028213,0,0
rest,3,640500.0,-0.008584,-0.017570,0,0
rest,3,640600.0,-0.008571,-0.024540,0,0
rest,3,640700.0,-0.009174,-0.023026,0,0
rest,3,640800.0,-0.009709,-0.024096,0,0
rest,3,640900.0,-0.012308,-0.029900,0,0
rest,3,641000.0,-0.008996,-0.027778,0,0
rest,3,641100.0,-0.008798,-0.014859,0,0
rest,3,641200.0,-0.010508,-0.024316,0,0
rest,3,641300.0,-0.008785,-0.026786,0,0
rest,3,641400.0,-0.009772,-0.026125,0,0
rest,3,641500.0,-0.003361,-0.023022,0,0
rest,3,641600.0,-0.013699,-0.016695,0,0
rest,3,641700.0,-0.009259,-0.029801,0,0
rest,3,641800.0,-0.009615,-0.023599,0,0
rest,3,641900.0,-0.014815,-0.016556,0,0
rest,3,642000.0,-0.003115,-0.027027,0,0
rest,3,642100.0,-0.008696,-0.026393,0,0
rest,3,642200.0,-0.009105,-0.020649,0,0
rest,3,642300.0,-0.012327,-0.025237,0,0
rest,3,642400.0,-0.009160,-0.017647,0,0
rest,3,642500.0,-0.009868,-0.023495,0,0
rest,3,642600.0,-0.008969,-0.026354,0,0
rest,3,642700.0,-0.003077,-0.026534,0,0
rest,3,642800.0,-0.009390,-0.025641,0,0
rest,3,642900.0,-0.008439,-0.024653,0,0
rest,3,643000.0,-0.009174,-0.022508,0,0
rest,3,643100.0,-0.009091,-0.026588,0,0
rest,3,643200.0,-0.009231,-0.027907,0,0
rest,3,643300.0,-0.009288,-0.026354,0,0
rest,3,643400.0,-0.008523,-0.027027,0,0
rest,3,643500.0,-0.009524,-0.023916,0,0
rest,3,643600.0,-0.009009,-0.021244,0,0
rest,3,643700.0,-0.006319,-0.024540,0,0
rest,3,643800.0,-0.009050,-0.024060,0,0
rest,3,643900.0,-0.009375,-0.026534,0,0
rest,3,644000.0,-0.009119,-0.020588,0,0
rest,3,644100.0,-0.006590,-0.023324,0,0
rest,3,644200.0,-0.003317,-0.021021,0,0
rest,3,644300.0,-0.010489,-0.017621,0,0
rest,3,644400.0,-0.009174,-0.023704,0,0
rest,3,644500.0,-0.006400,-0.037879,0,0
rest,3,644600.0,-0.009119,-0.024653,0,0
rest,3,644700.0,-0.009615,-0.021909,0,0
rest,3,644800.0,-0.008608,-0.024465,0,0
rest,3,644900.0,-0.009646,-0.025197,0,0
rest,3,645000.0,-0.009331,-0.024306,0,0
rest,3,645100.0,-0.009217,-0.024845,0,0
rest,3,645200.0,-0.008658,-0.022617,0,0
rest,3,645300.0,-0.006250,-0.023988,0,0
rest,3,645400.0,-0.008721,-0.025559,0,0
rest,3,645500.0,-0.006493,-0.027821,0,0
rest,3,645600.0,-0.009464,-0.026432,0,0
rest,3,645700.0,-0.008734,-0.025825,0,0
rest,3,645800.0,-0.006144,-0.025899,0,0
rest,3,645900.0,-0.003273,-0.026471,0,0
rest,3,646000.0,-0.009539,-0.024691,0,0
rest,3,646100.0,-0.002890,-0.022258,0,0
rest,3,646200.0,-0.006107,-0.026471,0,0
rest,3,646300.0,-0.009509,-0.023088,0,0
rest,3,646400.0,-0.008837,-0.025237,0,0
rest,3,646500.0,-0.009524,-0.024465,0,0
rest,3,646600.0,-0.005952,-0.020895,0,0
rest,3,646700.0,-0.005979,-0.027607,0,0
rest,3,646800.0,-0.010239,-0.027994,0,0
rest,3,646900.0,-0.009146,-0.024060,0,0
rest,3,647000.0,-0.006319,-0.026622,0,0
rest,3,647100.0,-0.009317,-0.023952,0,0
rest,3,647200.0,-0.005764,-0.021180,0,0
rest,3,647300.0,-0.003636,-0.027994,0,0
rest,3,647400.0,-0.008559,-0.019231,0,0
rest,3,647500.0,-0.009245,-0.023495,0,0
rest,3,647600.0,-0.009419,-0.019355,0,0
rest,3,647700.0,-0.006803,-0.022951,0,0
rest,3,647800.0,-0.009346,-0.021572,0,0
rest,3,647900.0,-0.008571,-0.025862,0,0
rest,3,648000.0,-0.008646,-0.021440,0,0
rest,3,648100.0,-0.010435,-0.024024,0,0
rest,3,648200.0,-0.006896,-0.035714,0,0
rest,3,648300.0,-0.008584,-0.021053,0,0
rest,3,648400.0,-0.009105,-0.027778,0,0
rest,3,648500.0,-0.008584,-0.023495,0,0
rest,3,648600.0,-0.009724,-0.025357,0,0
rest,3,648700.0,-0.009375,-0.015949,0,0
rest,3,648800.0,-0.009346,-0.023495,0,0
rest,3,648900.0,-0.008863,-0.025862,0,0
rest,3,649000.0,-0.009160,-0.021538,0,0
rest,3,649100.0,-0.009509,-0.023088,0,0
rest,3,649200.0,-0.006410,-0.027231,0,0
rest,3,649300.0,-0.009983,-0.026549,0,0
rest,3,649400.0,-0.009836,-0.023599,0,0
rest,3,649500.0,-0.008785,-0.027149,0,0
rest,3,649600.0,-0.010239,-0.026946,0,0
rest,3,649700.0,-0.006270,-0.027821,0,0
rest,3,649800.0,-0.008798,-0.021538,0,0
rest,3,649900.0,-0.010170,-0.026403,0,0
rest,3,650000.0,-0.008584,-0.023022,0,0
pulse,3,650100.0,0.005714,-0.018018,7,1
pulse,3,650200.0,0.024060,-0.023529,15,2
pulse,3,650300.0,0.030822,-0.017417,16,4
pulse,3,650400.0,0.020528,-0.018154,15,3
pulse,3,650500.0,0.016495,-0.017212,12,2
pulse,3,650600.0,0.009063,-0.020619,11,1
pulse,3,650700.0,0.011852,-0.018663,12,2
pulse,3,650800.0,0.023088,-0.024353,14,2
pulse,3,650900.0,0.021116,-0.022514,14,4
pulse,3,651000.0,0.019971,-0.012048,14,4
pulse,3,651100.0,0.019886,-0.017804,14,4
pulse,3,651200.0,0.015385,-0.025118,12,2
pulse,3,651300.0,0.015314,-0.019449,12,3
pulse,3,651400.0,0.020000,-0.018293,14,2
pulse,3,651500.0,0.021084,-0.017493,14,3
pulse,3,651600.0,0.003724,-0.021212,13,2
pulse,3,651700.0,0.010909,-0.024024,12,1
pulse,3,651800.0,0.016207,-0.016051,13,1
pulse,3,651900.0,0.020548,-0.018750,14,1
pulse,3,652000.0,0.018576,-0.021374,13,1
pulse,3,652100.0,0.015361,-0.024768,13,1
pulse,3,652200.0,0.015798,-0.021505,13,2
pulse,3,652300.0,0.015244,-0.021472,13,2
pulse,3,652400.0,0.017316,-0.018321,13,2
pulse,3,652500.0,0.017467,-0.018321,14,3
pulse,3,652600.0,0.020305,-0.017518,14,3
pulse,3,652700.0,0.021309,-0.022082,13,1
pulse,3,652800.0,0.015823,-0.022472,14,1
pulse,3,652900.0,0.020029,-0.024316,15,1
pulse,3,653000.0,0.024390,-0.017857,15,2
pulse,3,653100.0,0.024578,-0.020498,15,2
pulse,3,653200.0,0.014620,-0.021116,13,2
pulse,3,653300.0,0.018547,-0.017857,13,3
pulse,3,653400.0,0.014409,-0.024060,13,1
pulse,3,653500.0,0.018405,-0.020202,14,1
pulse,3,653600.0,0.023689,-0.027149,16,1
pulse,3,653700.0,0.028213,-0.021180,18,2
pulse,3,653800.0,0.020261,-0.018127,15,3
pulse,3,653900.0,0.017241,-0.018045,15,1
pulse,3,654000.0,0.021875,-0.027397,15,0
pulse,3,654100.0,0.021739,-0.018182,15,1
pulse,3,654200.0,0.020498,-0.020498,16,1
pulse,3,654300.0,0.019108,-0.020710,16,3
pulse,3,654400.0,0.018662,-0.017341,16,4
pulse,3,654500.0,0.014749,-0.017570,15,4
pulse,3,654600.0,0.012698,-0.021148,14,3
pulse,3,654700.0,0.011765,-0.023022,14,2
pulse,3,654800.0,0.016077,-0.026393,16,1
pulse,3,654900.0,0.015244,-0.017937,16,4
pulse,3,655000.0,0.014620,-0.017266,15,4
pulse,3,655100.0,0.016234,-0.018377,15,2
pulse,3,655200.0,0.019640,-0.022814,16,2
pulse,3,655300.0,0.016077,-0.018721,16,2
pulse,3,655400.0,0.009709,-0.015337,14,2
pulse,3,655500.0,0.019418,-0.017595,15,4
pulse,3,655600.0,0.012480,-0.014388,15,5
pulse,3,655700.0,0.014265,-0.017699,15,4
pulse,3,655800.0,0.016584,-0.024133,15,3
pulse,3,655900.0,0.015674,-0.026022,15,4
pulse,3,656000.0,0.023290,-0.021021,17,4
pulse,3,656100.0,0.017366,-0.021053,15,4
pulse,3,656200.0,0.016260,-0.018433,14,5
pulse,3,656300.0,0.020802,-0.018127,16,7
pulse,3,656400.0,0.012966,-0.018519,16,7
pulse,3,656500.0,0.021944,-0.023179,16,5
pulse,3,656600.0,0.011611,-0.024169,14,5
pulse,3,656700.0,0.018154,-0.017595,14,7
pulse,3,656800.0,0.017341,-0.021021,15,6
pulse,3,656900.0,0.018868,-0.022047,16,6
pulse,3,657000.0,0.020290,-0.023358,16,4
pulse,3,657100.0,0.021277,-0.019868,15,6
pulse,3,657200.0,0.017391,-0.018868,15,6
pulse,3,657300.0,0.017391,-0.020895,15,6
pulse,3,657400.0,0.015625,-0.023392,15,5
pulse,3,657500.0,0.017831,-0.023324,15,5
pulse,3,657600.0,0.016393,-0.022328,16,6
pulse,3,657700.0,0.014903,-0.020558,16,6
pulse,3,657800.0,0.019544,-0.023845,16,5
pulse,3,657900.0,0.015244,-0.024653,16,5
pulse,3,658000.0,0.017467,-0.018072,16,6
pulse,3,658100.0,0.014793,-0.023564,16,5
pulse,3,658200.0,0.014472,-0.027314,15,5
pulse,3,658300.0,0.017699,-0.017991,17,8
pulse,3,658400.0,0.019737,-0.011611,18,10
pulse,3,658500.0,0.041026,-0.022173,16,7
pulse,3,658600.0,0.014815,-0.020710,15,7
pulse,3,658700.0,0.021807,-0.017241,17,7
pulse,3,658800.0,0.021342,-0.025937,17,5
pulse,3,658900.0,0.014881,-0.020710,16,6
pulse,3,659000.0,0.015823,-0.023460,15,7
pulse,3,659100.0,0.015650,-0.018127,16,9
pulse,3,659200.0,0.018209,-0.020086,16,8
pulse,3,659300.0,0.022012,-0.021021,17,8
pulse,3,659400.0,0.017937,-0.023916,16,7
pulse,3,659500.0,0.012289,-0.023988,16,7
pulse,3,659600.0,0.014837,-0.017910,16,8
pulse,3,659700.0,0.019718,-0.021739,17,8
pulse,3,659800.0,0.021148,-0.020086,18,8
pulse,3,659900.0,0.023599,-0.018405,18,8
pulse,3,660000.0,0.021244,-0.017595,17,8
pulse,3,660100.0,0.015625,-0.021148,16,7
pulse,3,660200.0,0.015152,-0.027523,16,7
pulse,3,660300.0,0.023891,-0.020741,19,9
pulse,3,660400.0,0.017518,-0.014556,18,11
pulse,3,660500.0,0.018634,-0.021705,18,10
pulse,3,660600.0,0.017804,-0.024615,16,8
pulse,3,660700.0,0.020000,-0.024206,16,8
pulse,3,660800.0,0.023916,-0.024540,18,8
pulse,3,660900.0,0.023290,-0.014663,18,11
pulse,3,661000.0,0.017751,-0.020438,17,10
pulse,3,661100.0,0.015174,-0.014903,16,10
pulse,3,661200.0,0.019608,-0.018721,17,10
pulse,3,661300.0,0.020618,-0.021572,18,10
pulse,3,661400.0,0.021021,-0.021084,18,9
pulse,3,661500.0,0.015552,-0.023564,16,9
pulse,3,661600.0,0.012539,-0.017910,16,9
pulse,3,661700.0,0.018293,-0.018237,17,10
pulse,3,661800.0,0.018045,-0.020057,17,10
pulse,3,661900.0,0.017416,-0.018519,18,10
pulse,3,662000.0,0.019078,-0.020115,17,9
pulse,3,662100.0,0.008942,-0.026359,17,8
pulse,3,662200.0,0.014577,-0.018838,17,10
pulse,3,662300.0,0.016949,-0.015152,17,10
pulse,3,662400.0,0.012480,-0.019324,17,10
pulse,3,662500.0,0.008929,-0.024096,17,9
pulse,3,662600.0,0.014837,-0.018750,17,11
pulse,3,662700.0,0.015456,-0.018154,17,11
pulse,3,662800.0,0.017804,-0.026906,17,9
pulse,3,662900.0,0.017544,-0.024653,18,9
pulse,3,663000.0,0.015221,-0.022400,16,9
pulse,3,663100.0,0.018377,-0.017991,18,10
pulse,3,663200.0,0.017991,-0.017217,17,11
pulse,3,663300.0,0.018237,-0.022764,17,10
pulse,3,663400.0,0.019830,-0.024024,18,9
pulse,3,663500.0,0.017804,-0.023529,18,10
pulse,3,663600.0,0.012232,-0.023916,16,9
pulse,3,663700.0,0.013245,-0.020115,16,10
pulse,3,663800.0,0.019268,-0.021472,18,10
pulse,3,663900.0,0.012739,-0.018072,16,10
pulse,3,664000.0,0.012121,-0.017266,17,10
pulse,3,664100.0,0.017699,-0.020057,17,10
pulse,3,664200.0,0.012658,-0.020033,17,10
pulse,3,664300.0,0.019835,-0.014684,18,10
pulse,3,664400.0,0.018377,-0.027273,17,8
pulse,3,664500.0,0.012779,-0.020619,17,10
pulse,3,664600.0,0.015601,-0.015175,16,11
pulse,3,664700.0,0.015083,-0.017937,18,11
pulse,3,664800.0,0.021407,-0.017570,20,10
pulse,3,664900.0,0.023845,-0.031348,20,5
pulse,3,665000.0,0.015038,-0.026746,17,8
pulse,3,665100.0,0.013722,-0.017778,17,11
pulse,3,665200.0,0.017493,-0.017725,17,11
pulse,3,665300.0,0.024653,-0.017266,19,11
pulse,3,665400.0,0.022400,-0.024024,20,9
pulse,3,665500.0,0.025559,-0.027397,20,8
pulse,3,665600.0,0.009788,-0.025157,17,9
pulse,3,665700.0,0.013093,-0.015337,18,11
pulse,3,665800.0,0.016077,-0.017884,18,11
pulse,3,665900.0,0.012678,-0.020588,18,10
pulse,3,666000.0,0.011976,-0.020086,18,9
pulse,3,666100.0,0.017831,-0.023495,19,9
pulse,3,666200.0,0.018072,-0.020802,19,10
pulse,3,666300.0,0.012270,-0.020990,17,10
pulse,3,666400.0,0.012158,-0.018576,17,10
pulse,3,666500.0,0.011645,-0.015175,17,10
pulse,3,666600.0,0.018405,-0.021341,21,9
pulse,3,666700.0,0.020618,-0.021244,20,10
pulse,3,666800.0,0.018237,-0.018209,18,10
pulse,3,666900.0,0.012500,-0.020679,17,10
pulse,3,667000.0,0.015848,-0.016529,17,10
pulse,3,667100.0,0.015528,-0.020895,18,10
pulse,3,667200.0,0.018838,-0.025078,19,9
pulse,3,667300.0,0.027119,-0.025974,19,10
pulse,3,667400.0,0.017493,-0.020833,19,9
pulse,3,667500.0,0.012500,-0.020468,16,9
pulse,3,667600.0,0.015601,-0.017751,18,10
pulse,3,667700.0,0.017518,-0.018127,19,11
pulse,3,667800.0,0.014347,-0.014620,18,12
pulse,3,667900.0,0.011817,-0.020057,16,10
pulse,3,668000.0,0.014793,-0.026393,18,8
pulse,3,668100.0,0.021978,-0.026667,19,8
pulse,3,668200.0,0.017621,-0.017266,18,10
pulse,3,668300.0,0.012539,-0.017884,18,11
pulse,3,668400.0,0.022544,-0.018576,19,11
pulse,3,668500.0,0.015699,-0.018349,18,10
pulse,3,668600.0,0.014859,-0.020468,18,9
pulse,3,668700.0,0.018779,-0.021638,18,9
pulse,3,668800.0,0.016502,-0.021148,18,9
pulse,3,668900.0,0.018293,-0.021180,19,9
pulse,3,669000.0,0.028846,-0.021909,19,9
pulse,3,669100.0,0.010811,-0.018315,16,11
pulse,3,669200.0,0.015290,-0.020528,17,10
pulse,3,669300.0,0.022152,-0.020772,20,10
pulse,3,669400.0,0.015244,-0.022989,18,9
pulse,3,669500.0,0.025316,-0.015717,18,9
pulse,3,669600.0,0.020231,-0.012121,19,11
pulse,3,669700.0,0.012579,-0.018293,18,10
pulse,3,669800.0,0.017725,-0.021909,18,10
pulse,3,669900.0,0.011976,-0.021212,18,10
pulse,3,670000.0,0.014815,-0.024060,17,9
pulse,3,670100.0,0.015174,-0.017699,18,10
pulse,3,670200.0,0.015432,-0.021277,18,9
pulse,3,670300.0,0.024133,-0.021277,18,8
pulse,3,670400.0,0.017831,-0.025197,18,9
pulse,3,670500.0,0.021440,-0.019017,19,10
pulse,3,670600.0,0.018750,-0.014641,19,11
pulse,3,670700.0,0.023217,-0.015175,21,11
pulse,3,670800.0,0.025559,-0.024169,21,9
pulse,3,670900.0,0.029508,-0.025532,20,9
pulse,3,671000.0,0.011994,-0.021180,18,9
pulse,3,671100.0,0.015314,-0.020086,18,10
pulse,3,671200.0,0.018868,-0.025357,20,10
pulse,3,671300.0,0.009434,-0.022187,18,10
pulse,3,671400.0,0.011628,-0.027692,18,9
pulse,3,671500.0,0.019580,-0.018605,20,9
pulse,3,671600.0,0.019967,-0.018490,21,10
pulse,3,671700.0,0.021244,-0.015699,21,11
pulse,3,671800.0,0.020339,-0.018750,20,11
pulse,3,671900.0,0.020588,-0.021773,20,9
pulse,3,672000.0,0.020438,-0.029316,20,8
pulse,3,672100.0,0.014948,-0.023704,20,8
pulse,3,672200.0,0.014953,-0.016447,20,9
pulse,3,672300.0,0.019169,-0.018237,21,10
pulse,3,672400.0,0.013423,-0.017544,20,11
pulse,3,672500.0,0.020443,-0.015129,20,10
pulse,3,672600.0,0.016260,-0.023916,20,9
pulse,3,672700.0,0.021309,-0.025641,21,9
pulse,3,672800.0,0.018898,-0.019900,20,10
pulse,3,672900.0,0.011730,-0.017778,20,11
pulse,3,673000.0,0.015528,-0.018633,20,11
pulse,3,673100.0,0.019078,-0.025316,20,9
pulse,3,673200.0,0.021909,-0.024060,20,9
pulse,3,673300.0,0.016000,-0.024353,20,9
pulse,3,673400.0,0.025641,-0.018868,21,10
pulse,3,673500.0,0.015060,-0.021277,21,10
pulse,3,673600.0,0.015038,-0.020236,20,10
pulse,3,673700.0,0.015314,-0.017884,20,11
pulse,3,673800.0,0.017668,-0.017857,20,9
pulse,3,673900.0,0.033613,-0.035336,20,9
pulse,3,674000.0,0.011905,-0.024540,21,8
pulse,3,674100.0,0.014535,-0.015699,20,10
pulse,3,674200.0,0.009132,-0.018083,19,9
pulse,3,674300.0,0.021116,-0.021705,20,9
pulse,3,674400.0,0.020057,-0.020057,21,9
pulse,3,674500.0,0.017544,-0.024096,20,10
pulse,3,674600.0,0.015060,-0.015456,19,12
pulse,3,674700.0,0.014286,-0.014925,19,11
pulse,3,674800.0,0.015314,-0.024221,21,9
pulse,3,674900.0,0.018265,-0.031546,22,8
pulse,3,675000.0,0.014749,-0.025237,21,9
final_rest,0,675100.0,0.018045,-0.024806,0,0
final_rest,0,675200.0,0.017595,-0.025197,0,0
final_rest,0,675300.0,0.019084,-0.022436,0,0
final_rest,0,675400.0,0.017518,-0.023988,0,0
final_rest,0,675500.0,0.020033,-0.021127,0,0
final_rest,0,675600.0,0.016367,-0.020833,0,0
final_rest,0,675700.0,0.020168,-0.011788,0,0
final_rest,0,675800.0,0.019231,-0.016667,0,0
final_rest,0,675900.0,0.020513,-0.025157,0,0
final_rest,0,676000.0,0.021021,-0.024024,0,0
final_rest,0,676100.0,0.019293,-0.025237,0,0
final_rest,0,676200.0,0.018265,-0.024133,0,0
final_rest,0,676300.0,0.017673,-0.026906,0,0
final_rest,0,676400.0,0.017673,-0.024060,0,0
final_rest,0,676500.0,0.017544,-0.015848,0,0
final_rest,0,676600.0,0.023460,-0.025751,0,0
final_rest,0,676700.0,0.025189,-0.030928,0,0
final_rest,0,676800.0,0.018750,-0.018209,0,0
final_rest,0,676900.0,0.015267,-0.027314,0,0
final_rest,0,677000.0,0.015198,-0.026866,0,0
final_rest,0,677100.0,0.009585,-0.023358,0,0
final_rest,0,677200.0,0.017123,-0.017751,0,0
final_rest,0,677300.0,0.012030,-0.024353,0,0
final_rest,0,677400.0,0.015267,-0.026786,0,0
final_rest,0,677500.0,0.014793,-0.022047,0,0
final_rest,0,677600.0,0.020000,-0.028436,0,0
final_rest,0,677700.0,0.022631,-0.026706,0,0
final_rest,0,677800.0,0.015290,-0.024096,0,0
final_rest,0,677900.0,0.019355,-0.020710,0,0
final_rest,0,678000.0,0.017595,-0.027565,0,0
final_rest,0,678100.0,0.018779,-0.022989,0,0
final_rest,0,678200.0,0.015314,-0.020115,0,0
final_rest,0,678300.0,0.018957,-0.024060,0,0
final_rest,0,678400.0,0.017595,-0.018519,0,0
final_rest,0,678500.0,0.017778,-0.021538,0,0
final_rest,0,678600.0,0.015699,-0.023634,0,0
final_rest,0,678700.0,0.020378,-0.023634,0,0
final_rest,0,678800.0,0.017544,-0.023358,0,0
final_rest,0,678900.0,0.016287,-0.019048,0,0
final_rest,0,679000.0,0.017544,-0.021440,0,0
final_rest,0,679100.0,0.015601,-0.020833,0,0
final_rest,0,679200.0,0.017857,-0.023609,0,0
final_rest,0,679300.0,0.015773,-0.021739,0,0
final_rest,0,679400.0,0.017857,-0.019108,0,0
final_rest,0,679500.0,0.017575,-0.012346,0,0
final_rest,0,679600.0,0.015576,-0.015314,0,0
final_rest,0,679700.0,0.015823,-0.014793,0,0
final_rest,0,679800.0,0.021244,-0.018127,0,0
final_rest,0,679900.0,0.018838,-0.015625,0,0
final_rest,0,680000.0,0.015873,-0.024169,0,0
final_rest,0,680100.0,0.015552,-0.024390,0,0
final_rest,0,680200.0,0.013129,-0.023739,0,0
final_rest,0,680300.0,0.017857,-0.021053,0,0
final_rest,0,680400.0,0.017884,-0.022923,0,0
final_rest,0,680500.0,0.020710,-0.021212,0,0
final_rest,0,680600.0,0.018127,-0.017964,0,0
final_rest,0,680700.0,0.016393,-0.023529,0,0
final_rest,0,680800.0,0.017725,-0.024316,0,0
final_rest,0,680900.0,0.029412,-0.014337,0,0
final_rest,0,681000.0,0.015174,-0.023774,0,0
final_rest,0,681100.0,0.020086,-0.023916,0,0
final_rest,0,681200.0,0.017621,-0.024729,0,0
final_rest,0,681300.0,0.017673,-0.024133,0,0
final_rest,0,681400.0,0.015083,-0.023774,0,0
final_rest,0,681500.0,0.018518,-0.017991,0,0
final_rest,0,681600.0,0.018898,-0.023290,0,0
final_rest,0,681700.0,0.015174,-0.020772,0,0
final_rest,0,681800.0,0.015129,-0.020927,0,0
final_rest,0,681900.0,0.015129,-0.020833,0,0
final_rest,0,682000.0,0.019763,-0.019967,0,0
final_rest,0,682100.0,0.015848,-0.016420,0,0
final_rest,0,682200.0,0.018149,-0.017331,0,0
final_rest,0,682300.0,0.020558,-0.023564,0,0
final_rest,0,682400.0,0.015221,-0.020802,0,0
final_rest,0,682500.0,0.020438,-0.024653,0,0
final_rest,0,682600.0,0.015129,-0.020802,0,0
final_rest,0,682700.0,0.017570,-0.024206,0,0
final_rest,0,682800.0,0.018182,-0.024615,0,0
final_rest,0,682900.0,0.019967,-0.021021,0,0
final_rest,0,683000.0,0.016393,-0.027634,0,0
final_rest,0,683100.0,0.019544,-0.025723,0,0
final_rest,0,683200.0,0.019017,-0.021739,0,0
final_rest,0,683300.0,0.015408,-0.024428,0,0
final_rest,0,683400.0,0.019200,-0.018127,0,0
final_rest,0,683500.0,0.019048,-0.023952,0,0
final_rest,0,683600.0,0.012779,-0.022082,0,0
final_rest,0,683700.0,0.013699,-0.025237,0,0
final_rest,0,683800.0,0.015337,-0.021021,0,0
final_rest,0,683900.0,0.014728,-0.023952,0,0
final_rest,0,684000.0,0.015198,-0.024169,0,0
final_rest,0,684100.0,0.018377,-0.017544,0,0
final_rest,0,684200.0,0.021021,-0.023952,0,0
final_rest,0,684300.0,0.020864,-0.023392,0,0
final_rest,0,684400.0,0.014881,-0.023952,0,0
final_rest,0,684500.0,0.015038,-0.024390,0,0
final_rest,0,684600.0,0.014225,-0.021440,0,0
final_rest,0,684700.0,0.014793,-0.023324,0,0
final_rest,0,684800.0,0.014368,-0.022890,0,0
final_rest,0,684900.0,0.013514,-0.018018,0,0
final_rest,0,685000.0,0.011765,-0.024316,0,0
final_rest,0,685100.0,0.011869,-0.020468,0,0
final_rest,0,685200.0,0.015385,-0.018127,0,0
final_rest,0,685300.0,0.012346,-0.023704,0,0
final_rest,0,685400.0,0.012232,-0.021472,0,0
final_rest,0,685500.0,0.011544,-0.021244,0,0
final_rest,0,685600.0,0.008850,-0.023881,0,0
final_rest,0,685700.0,0.014599,-0.024691,0,0
final_rest,0,685800.0,0.011679,-0.020990,0,0
final_rest,0,685900.0,0.011645,-0.021212,0,0
final_rest,0,686000.0,0.012903,-0.023881,0,0
final_rest,0,686100.0,0.011494,-0.024242,0,0
final_rest,0,686200.0,0.011799,-0.023916,0,0
final_rest,0,686300.0,0.010204,-0.025397,0,0
final_rest,0,686400.0,0.008902,-0.024133,0,0
final_rest,0,686500.0,0.015456,-0.024060,0,0
final_rest,0,686600.0,0.009804,-0.020528,0,0
final_rest,0,686700.0,0.010204,-0.024540,0,0
final_rest,0,686800.0,0.009615,-0.025455,0,0
final_rest,0,686900.0,0.012270,-0.024242,0,0
final_rest,0,687000.0,0.012658,-0.023952,0,0
final_rest,0,687100.0,0.012384,-0.023952,0,0
final_rest,0,687200.0,0.012346,-0.023392,0,0
final_rest,0,687300.0,0.012308,-0.020588,0,0
final_rest,0,687400.0,0.016000,-0.023952,0,0
final_rest,0,687500.0,0.015432,-0.018293,0,0
final_rest,0,687600.0,0.011091,-0.023850,0,0
final_rest,0,687700.0,0.012066,-0.023290,0,0
final_rest,0,687800.0,0.013491,-0.020443,0,0
final_rest,0,687900.0,0.012140,-0.014749,0,0
final_rest,0,688000.0,0.012214,-0.024428,0,0
final_rest,0,688100.0,0.008811,-0.023845,0,0
final_rest,0,688200.0,0.009050,-0.021739,0,0
final_rest,0,688300.0,0.012520,-0.020367,0,0
final_rest,0,688400.0,0.012924,-0.023769,0,0
final_rest,0,688500.0,0.009217,-0.025316,0,0
final_rest,0,688600.0,0.012270,-0.015823,0,0
final_rest,0,688700.0,0.012103,-0.015552,0,0
final_rest,0,688800.0,0.012121,-0.021116,0,0
final_rest,0,688900.0,0.011817,-0.024729,0,0
final_rest,0,689000.0,0.012461,-0.025197,0,0
final_rest,0,689100.0,0.015773,-0.024024,0,0
final_rest,0,689200.0,0.013865,-0.024691,0,0
final_rest,0,689300.0,0.016051,-0.017266,0,0
final_rest,0,689400.0,0.011834,-0.024206,0,0
final_rest,0,689500.0,0.013136,-0.023102,0,0
final_rest,0,689600.0,0.014837,-0.024279,0,0
final_rest,0,689700.0,0.012759,-0.025437,0,0
final_rest,0,689800.0,0.013180,-0.017831,0,0
final_rest,0,689900.0,0.013029,-0.023324,0,0
final_rest,0,690000.0,0.012559,-0.025039,0,0
final_rest,0,690100.0,0.011478,-0.018018,0,0
final_rest,0,690200.0,0.012461,-0.015831,0,0
final_rest,0,690300.0,0.012346,-0.015432,0,0
final_rest,0,690400.0,0.012346,-0.022222,0,0
final_rest,0,690500.0,0.012442,-0.023599,0,0
final_rest,0,690600.0,0.012987,-0.021180,0,0
final_rest,0,690700.0,0.012480,-0.022581,0,0
final_rest,0,690800.0,0.012365,-0.015385,0,0
final_rest,0,690900.0,0.012461,-0.021909,0,0
final_rest,0,691000.0,0.011852,-0.021084,0,0
final_rest,0,691100.0,0.014898,-0.023426,0,0
final_rest,0,691200.0,0.011445,-0.022989,0,0
final_rest,0,691300.0,0.009217,-0.026667,0,0
final_rest,0,691400.0,0.011994,-0.020202,0,0
final_rest,0,691500.0,0.012384,-0.024060,0,0
final_rest,0,691600.0,0.011461,-0.018182,0,0
final_rest,0,691700.0,0.011834,-0.020558,0,0
final_rest,0,691800.0,0.012140,-0.022082,0,0
final_rest,0,691900.0,0.013267,-0.022117,0,0
final_rest,0,692000.0,0.013115,-0.023973,0,0
final_rest,0,692100.0,0.012539,-0.021407,0,0
final_rest,0,692200.0,0.012121,-0.020339,0,0
final_rest,0,692300.0,0.011194,-0.019449,0,0
final_rest,0,692400.0,0.008889,-0.018576,0,0
final_rest,0,692500.0,0.013289,-0.016611,0,0
final_rest,0,692600.0,0.012526,-0.016611,0,0
final_rest,0,692700.0,0.012308,-0.018868,0,0
final_rest,0,692800.0,0.012346,-0.018779,0,0
final_rest,0,692900.0,0.015009,-0.020134,0,0
final_rest,0,693000.0,0.013491,-0.022951,0,0
final_rest,0,693100.0,0.008996,-0.022508,0,0
final_rest,0,693200.0,0.008671,-0.020710,0,0
final_rest,0,693300.0,0.009036,-0.020319,0,0
final_rest,0,693400.0,0.009740,-0.019802,0,0
final_rest,0,693500.0,0.013536,-0.023762,0,0
final_rest,0,693600.0,0.008824,-0.018490,0,0
final_rest,0,693700.0,0.008850,-0.018547,0,0
final_rest,0,693800.0,0.009646,-0.015290,0,0
final_rest,0,693900.0,0.009217,-0.015221,0,0
final_rest,0,694000.0,0.008915,-0.017937,0,0
final_rest,0,694100.0,0.011958,-0.021084,0,0
final_rest,0,694200.0,0.009967,-0.021505,0,0
final_rest,0,694300.0,0.008876,-0.020378,0,0
final_rest,0,694400.0,0.009646,-0.022013,0,0
final_rest,0,694500.0,0.010508,-0.020270,0,0
final_rest,0,694600.0,0.013378,-0.015355,0,0
final_rest,0,694700.0,0.009360,-0.021053,0,0
final_rest,0,694800.0,0.008559,-0.021472,0,0
final_rest,0,694900.0,0.012270,-0.015083,0,0
final_rest,0,695000.0,0.012289,-0.018868,0,0
final_rest,0,695100.0,0.009934,-0.018721,0,0
final_rest,0,695200.0,0.009569,-0.020833,0,0
final_rest,0,695300.0,0.011782,-0.021277,0,0
final_rest,0,695400.0,0.009934,-0.024138,0,0
final_rest,0,695500.0,0.008811,-0.021739,0,0
final_rest,0,695600.0,0.009132,-0.021605,0,0
final_rest,0,695700.0,0.008772,-0.018433,0,0
final_rest,0,695800.0,0.009217,-0.023576,0,0
final_rest,0,695900.0,0.009569,-0.021672,0,0
final_rest,0,696000.0,0.012158,-0.018927,0,0
final_rest,0,696100.0,0.009119,-0.018957,0,0
final_rest,0,696200.0,0.012158,-0.018838,0,0
final_rest,0,696300.0,0.009288,-0.021472,0,0
final_rest,0,696400.0,0.008683,-0.020086,0,0
final_rest,0,696500.0,0.008869,-0.016393,0,0
final_rest,0,696600.0,0.009539,-0.012270,0,0
final_rest,0,696700.0,0.009245,-0.014859,0,0
final_rest,0,696800.0,0.015174,-0.020260,0,0
final_rest,0,696900.0,0.010508,-0.023609,0,0
final_rest,0,697000.0,0.012698,-0.018154,0,0
final_rest,0,697100.0,0.008850,-0.020319,0,0
final_rest,0,697200.0,0.009390,-0.021021,0,0
final_rest,0,697300.0,0.005789,-0.017804,0,0
final_rest,0,697400.0,0.008996,-0.022082,0,0
final_rest,0,697500.0,0.009009,-0.018663,0,0
final_rest,0,697600.0,0.009885,-0.023295,0,0
final_rest,0,697700.0,0.008671,-0.020649,0,0
final_rest,0,697800.0,0.008584,-0.020086,0,0
final_rest,0,697900.0,0.011412,-0.020057,0,0
final_rest,0,698000.0,0.009050,-0.016474,0,0
final_rest,0,698100.0,0.009259,-0.018605,0,0
final_rest,0,698200.0,0.008671,-0.020057,0,0
final_rest,0,698300.0,0.007812,-0.030189,0,0
final_rest,0,698400.0,0.012500,-0.022989,0,0
final_rest,0,698500.0,0.009449,-0.017621,0,0
final_rest,0,698600.0,0.009772,-0.012820,0,0
final_rest,0,698700.0,0.009091,-0.021116,0,0
final_rest,0,698800.0,0.012759,-0.017857,0,0
final_rest,0,698900.0,0.012012,-0.021116,0,0
final_rest,0,699000.0,0.008889,-0.020772,0,0
final_rest,0,699100.0,0.010489,-0.019418,0,0
final_rest,0,699200.0,0.009105,-0.022364,0,0
final_rest,0,699300.0,0.008608,-0.019231,0,0
final_rest,0,699400.0,0.008996,-0.021505,0,0
final_rest,0,699500.0,0.009119,-0.024729,0,0
final_rest,0,699600.0,0.009009,-0.024961,0,0
final_rest,0,699700.0,0.008811,-0.022956,0,0
final_rest,0,699800.0,0.012030,-0.020144,0,0
final_rest,0,699900.0,0.016575,-0.020513,0,0
final_rest,0,700000.0,0.008837,-0.023426,0,0
final_rest,0,700100.0,0.007449,-0.021505,0,0
final_rest,0,700200.0,0.012103,-0.022989,0,0
final_rest,0,700300.0,0.011070,-0.023810,0,0
final_rest,0,700400.0,0.010274,-0.021116,0,0
final_rest,0,700500.0,0.012539,-0.020067,0,0
final_rest,0,700600.0,0.011834,-0.020927,0,0
final_rest,0,700700.0,0.012779,-0.020144,0,0
final_rest,0,700800.0,0.008608,-0.024316,0,0
final_rest,0,700900.0,0.012177,-0.026891,0,0
final_rest,0,701000.0,0.009983,-0.018127,0,0
final_rest,0,701100.0,0.009022,-0.021084,0,0
final_rest,0,701200.0,0.008942,-0.023739,0,0
final_rest,0,701300.0,0.009302,-0.026756,0,0
final_rest,0,701400.0,0.009063,-0.024961,0,0
final_rest,0,701500.0,0.009160,-0.022258,0,0
final_rest,0,701600.0,0.009449,-0.024845,0,0
final_rest,0,701700.0,0.012195,-0.025974,0,0
final_rest,0,701800.0,0.005764,-0.024540,0,0
final_rest,0,701900.0,0.005805,-0.021116,0,0
final_rest,0,702000.0,0.005979,-0.017857,0,0
final_rest,0,702100.0,0.009375,-0.016667,0,0
final_rest,0,702200.0,0.011132,-0.019268,0,0
final_rest,0,702300.0,0.005961,-0.023324,0,0
final_rest,0,702400.0,0.005970,-0.022956,0,0
final_rest,0,702500.0,0.009119,-0.023845,0,0
final_rest,0,702600.0,0.003226,-0.023179,0,0
final_rest,0,702700.0,0.005723,-0.017778,0,0
final_rest,0,702800.0,0.005839,-0.023256,0,0
final_rest,0,702900.0,0.005944,-0.020290,0,0
final_rest,0,703000.0,0.005839,-0.022890,0,0
final_rest,0,703100.0,0.009036,-0.023055,0,0
final_rest,0,703200.0,0.009464,-0.021909,0,0
final_rest,0,703300.0,0.006359,-0.023988,0,0
final_rest,0,703400.0,0.009160,-0.024024,0,0
final_rest,0,703500.0,0.006231,-0.017937,0,0
final_rest,0,703600.0,0.010274,-0.025806,0,0
final_rest,0,703700.0,0.009404,-0.020408,0,0
final_rest,0,703800.0,0.006369,-0.022082,0,0
final_rest,0,703900.0,0.005988,-0.025437,0,0
final_rest,0,704000.0,0.006135,-0.021807,0,0
final_rest,0,704100.0,0.006515,-0.022989,0,0
final_rest,0,704200.0,0.006015,-0.020144,0,0
final_rest,0,704300.0,0.008696,-0.023704,0,0
final_rest,0,704400.0,0.005797,-0.022923,0,0
final_rest,0,704500.0,0.015267,-0.021244,0,0
final_rest,0,704600.0,0.009160,-0.023324,0,0
final_rest,0,704700.0,0.006644,-0.021407,0,0
final_rest,0,704800.0,0.005865,-0.020115,0,0
final_rest,0,704900.0,0.010170,-0.018018,0,0
final_rest,0,705000.0,0.006163,-0.023988,0,0
final_rest,0,705100.0,0.005944,-0.023845,0,0
final_rest,0,705200.0,0.006349,-0.017751,0,0
final_rest,0,705300.0,0.006329,-0.021705,0,0
final_rest,0,705400.0,0.008708,-0.020057,0,0
final_rest,0,705500.0,0.014815,-0.026030,0,0
final_rest,0,705600.0,0.003670,-0.016260,0,0
final_rest,0,705700.0,0.006932,-0.016667,0,0
final_rest,0,705800.0,0.006339,-0.018838,0,0
final_rest,0,705900.0,0.009063,-0.023845,0,0
final_rest,0,706000.0,0.006644,-0.025157,0,0
final_rest,0,706100.0,0.011747,-0.020710,0,0
final_rest,0,706200.0,0.008850,-0.023739,0,0
final_rest,0,706300.0,0.008902,-0.023256,0,0
final_rest,0,706400.0,0.005935,-0.022989,0,0
final_rest,0,706500.0,0.006135,-0.024653,0,0
final_rest,0,706600.0,0.009231,-0.018547,0,0
final_rest,0,706700.0,0.006052,-0.024922,0,0
final_rest,0,706800.0,0.009231,-0.020649,0,0
final_rest,0,706900.0,0.003160,-0.018405,0,0
final_rest,0,707000.0,0.005731,-0.020741,0,0
final_rest,0,707100.0,0.008772,-0.024465,0,0
final_rest,0,707200.0,0.003195,-0.023669,0,0
final_rest,0,707300.0,0.005848,-0.024428,0,0
final_rest,0,707400.0,0.006231,-0.021309,0,0
final_rest,0,707500.0,0.006339,-0.018182,0,0
final_rest,0,707600.0,0.003035,-0.025197,0,0
final_rest,0,707700.0,0.006006,-0.016103,0,0
final_rest,0,707800.0,0.005739,-0.023634,0,0
final_rest,0,707900.0,0.006400,-0.020115,0,0
final_rest,0,708000.0,0.005970,-0.023290,0,0
final_rest,0,708100.0,0.006033,-0.022117,0,0
final_rest,0,708200.0,0.005961,-0.022890,0,0
final_rest,0,708300.0,0.003115,-0.025157,0,0
final_rest,0,708400.0,0.005747,-0.023324,0,0
final_rest,0,708500.0,0.006993,-0.020649,0,0
final_rest,0,708600.0,0.005789,-0.020115,0,0
final_rest,0,708700.0,0.006070,-0.019868,0,0
final_rest,0,708800.0,0.006006,-0.023155,0,0
final_rest,0,708900.0,0.006154,-0.020895,0,0
final_rest,0,709000.0,0.003185,-0.024353,0,0
final_rest,0,709100.0,0.007030,-0.023952,0,0
final_rest,0,709200.0,0.003180,-0.024502,0,0
final_rest,0,709300.0,0.006144,-0.023569,0,0
final_rest,0,709400.0,0.003190,-0.018072,0,0
final_rest,0,709500.0,0.007080,-0.014134,0,0
final_rest,0,709600.0,0.005822,-0.021180,0,0
final_rest,0,709700.0,0.006270,-0.017991,0,0
final_rest,0,709800.0,0.006006,-0.015848,0,0
final_rest,0,709900.0,0.003311,-0.021605,0,0
final_rest,0,710000.0,0.006088,-0.018018,0,0
final_rest,0,710100.0,0.006006,-0.024221,0,0
final_rest,0,710200.0,0.005772,-0.020927,0,0
final_rest,0,710300.0,0.006061,-0.020100,0,0
final_rest,0,710400.0,0.007169,-0.021705,0,0
final_rest,0,710500.0,0.008942,-0.021440,0,0
final_rest,0,710600.0,0.005970,-0.021440,0,0
final_rest,0,710700.0,0.002990,-0.020057,0,0
final_rest,0,710800.0,0.006144,-0.021407,0,0
final_rest,0,710900.0,0.006250,-0.021053,0,0
final_rest,0,711000.0,0.005789,-0.020144,0,0
final_rest,0,711100.0,0.003091,-0.019769,0,0
final_rest,0,711200.0,0.005839,-0.021605,0,0
final_rest,0,711300.0,0.005739,-0.020802,0,0
final_rest,0,711400.0,0.009036,-0.021148,0,0
final_rest,0,711500.0,0.005917,-0.017884,0,0
final_rest,0,711600.0,0.006107,-0.016750,0,0
final_rest,0,711700.0,0.009302,-0.020741,0,0
final_rest,0,711800.0,0.006052,-0.017884,0,0
final_rest,0,711900.0,0.006006,-0.021622,0,0
final_rest,0,712000.0,0.005747,-0.017291,0,0
final_rest,0,712100.0,0.005747,-0.015175,0,0
final_rest,0,712200.0,0.003802,-0.014572,0,0
final_rest,0,712300.0,0.005970,-0.017341,0,0
final_rest,0,712400.0,0.006079,-0.022293,0,0
final_rest,0,712500.0,0.005857,-0.017647,0,0
final_rest,0,712600.0,0.003448,-0.019200,0,0
final_rest,0,712700.0,0.006270,-0.015823,0,0
final_rest,0,712800.0,0.003623,-0.012739,0,0
final_rest,0,712900.0,0.006557,-0.020134,0,0
final_rest,0,713000.0,0.006240,-0.017964,0,0
final_rest,0,713100.0,0.008942,-0.017831,0,0
final_rest,0,713200.0,0.006015,-0.021341,0,0
final_rest,0,713300.0,0.005805,-0.020231,0,0
final_rest,0,713400.0,0.005797,-0.018927,0,0
final_rest,0,713500.0,0.005908,-0.021212,0,0
final_rest,0,713600.0,0.006079,-0.018490,0,0
final_rest,0,713700.0,0.005747,-0.015221,0,0
final_rest,0,713800.0,0.003063,-0.017241,0,0
final_rest,0,713900.0,0.005926,-0.020115,0,0
final_rest,0,714000.0,0.006015,-0.022082,0,0
final_rest,0,714100.0,0.006024,-0.023217,0,0
final_rest,0,714200.0,0.004082,-0.016032,0,0
final_rest,0,714300.0,0.006289,-0.022047,0,0
final_rest,0,714400.0,0.006042,-0.025276,0,0
final_rest,0,714500.0,0.006015,-0.022013,0,0
final_rest,0,714600.0,0.005891,-0.020710,0,0
final_rest,0,714700.0,0.005789,-0.018927,0,0
final_rest,0,714800.0,0.006359,-0.016842,0,0
final_rest,0,714900.0,0.006052,-0.022263,0,0
final_rest,0,715000.0,0.003367,-0.019480,0,0
final_rest,0,715100.0,0.006369,-0.024961,0,0
final_rest,0,715200.0,0.006033,-0.024922,0,0
final_rest,0,715300.0,0.005900,-0.018405,0,0
final_rest,0,715400.0,0.003350,-0.022472,0,0
final_rest,0,715500.0,0.005772,-0.020802,0,0
final_rest,0,715600.0,0.005747,-0.021180,0,0
final_rest,0,715700.0,0.005772,-0.020833,0,0
final_rest,0,715800.0,0.008942,-0.023155,0,0
final_rest,0,715900.0,0.005805,-0.024279,0,0
final_rest,0,716000.0,0.006154,-0.023529,0,0
final_rest,0,716100.0,0.005747,-0.024428,0,0
final_rest,0,716200.0,0.005739,-0.023290,0,0
final_rest,0,716300.0,0.005822,-0.023599,0,0
final_rest,0,716400.0,0.005747,-0.023810,0,0
final_rest,0,716500.0,0.005714,-0.022923,0,0
final_rest,0,716600.0,0.005805,-0.025197,0,0
final_rest,0,716700.0,0.005839,-0.022222,0,0
final_rest,0,716800.0,0.005739,-0.018127,0,0
final_rest,0,716900.0,0.005772,-0.021374,0,0
final_rest,0,717000.0,0.008876,-0.018018,0,0
final_rest,0,717100.0,0.003205,-0.023392,0,0
final_rest,0,717200.0,0.005764,-0.021180,0,0
final_rest,0,717300.0,0.006144,-0.020990,0,0
final_rest,0,717400.0,0.005723,-0.023256,0,0
final_rest,0,717500.0,0.005882,-0.024096,0,0
final_rest,0,717600.0,0.006033,-0.020649,0,0
final_rest,0,717700.0,0.005723,-0.023845,0,0
final_rest,0,717800.0,0.005723,-0.022187,0,0
final_rest,0,717900.0,0.009317,-0.023881,0,0
final_rest,0,718000.0,0.010733,-0.021930,0,0
final_rest,0,718100.0,0.005935,-0.023324,0,0
final_rest,0,718200.0,0.006052,-0.020649,0,0
final_rest,0,718300.0,0.006079,-0.023022,0,0
final_rest,0,718400.0,0.005979,-0.023222,0,0
final_rest,0,718500.0,0.005882,-0.022187,0,0
final_rest,0,718600.0,0.005997,-0.025118,0,0
final_rest,0,718700.0,0.009063,-0.017366,0,0
final_rest,0,718800.0,0.006289,-0.020468,0,0
final_rest,0,718900.0,0.003407,-0.022222,0,0
final_rest,0,719000.0,0.005926,-0.023634,0,0
final_rest,0,719100.0,0.003077,-0.023952,0,0
final_rest,0,719200.0,0.005831,-0.023599,0,0
final_rest,0,719300.0,0.002976,-0.023916,0,0
final_rest,0,719400.0,0.005926,-0.023022,0,0
final_rest,0,719500.0,0.006042,-0.022890,0,0
final_rest,0,719600.0,0.009449,-0.023916,0,0
final_rest,0,719700.0,0.002950,-0.021021,0,0
final_rest,0,719800.0,0.006319,-0.022047,0,0
final_rest,0,719900.0,0.003091,-0.021148,0,0
final_rest,0,720000.0,0.006814,-0.021638,0,0
final_rest,0,720100.0,0.003035,-0.021277,0,0
final_rest,0,720200.0,0.003106,-0.025559,0,0
final_rest,0,720300.0,0.006221,-0.024060,0,0
final_rest,0,720400.0,0.006270,-0.023088,0,0
final_rest,0,720500.0,0.006390,-0.021440,0,0
final_rest,0,720600.0,0.003030,-0.021909,0,0
final_rest,0,720700.0,0.002890,-0.023324,0,0
final_rest,0,720800.0,0.002898,-0.021277,0,0
final_rest,0,720900.0,0.000000,-0.023451,0,0
final_rest,0,721000.0,0.000000,-0.017991,0,0
final_rest,0,721100.0,0.002967,-0.022890,0,0
final_rest,0,721200.0,0.003030,-0.020057,0,0
final_rest,0,721300.0,0.000000,-0.024133,0,0
final_rest,0,721400.0,0.002915,-0.022890,0,0
final_rest,0,721500.0,0.000000,-0.023952,0,0
final_rest,0,721600.0,0.003160,-0.023916,0,0
final_rest,0,721700.0,0.002907,-0.015267,0,0
final_rest,0,721800.0,0.002967,-0.018321,0,0
final_rest,0,721900.0,0.000000,-0.025806,0,0
final_rest,0,722000.0,0.003007,-0.020802,0,0
final_rest,0,722100.0,0.002878,-0.017266,0,0
final_rest,0,722200.0,0.003552,-0.021605,0,0
final_rest,0,722300.0,0.003914,-0.018838,0,0
final_rest,0,722400.0,0.002878,-0.020115,0,0
final_rest,0,722500.0,0.002945,-0.017266,0,0
final_rest,0,722600.0,0.003035,-0.021472,0,0
final_rest,0,722700.0,0.002950,-0.018293,0,0
final_rest,0,722800.0,0.002928,-0.020772,0,0
final_rest,0,722900.0,0.003067,-0.021505,0,0
final_rest,0,723000.0,0.006182,-0.020260,0,0
final_rest,0,723100.0,0.003021,-0.019608,0,0
final_rest,0,723200.0,0.002928,-0.017884,0,0
final_rest,0,723300.0,0.005755,-0.020833,0,0
final_rest,0,723400.0,0.006042,-0.019324,0,0
final_rest,0,723500.0,0.003044,-0.012012,0,0
final_rest,0,723600.0,0.002886,-0.020833,0,0
final_rest,0,723700.0,0.002950,-0.021309,0,0
final_rest,0,723800.0,0.000000,-0.021244,0,0
final_rest,0,723900.0,0.005961,-0.019262,0,0
final_rest,0,724000.0,0.009174,-0.018321,0,0
final_rest,0,724100.0,0.005882,-0.018519,0,0
final_rest,0,724200.0,0.002933,-0.020958,0,0
final_rest,0,724300.0,0.003044,-0.020173,0,0
final_rest,0,724400.0,0.002920,-0.015552,0,0
final_rest,0,724500.0,0.002990,-0.020260,0,0
final_rest,0,724600.0,0.003049,-0.018490,0,0
final_rest,0,724700.0,0.003003,-0.020958,0,0
final_rest,0,724800.0,0.003115,-0.015337,0,0
final_rest,0,724900.0,0.002882,-0.020528,0,0
final_rest,0,725000.0,0.005997,-0.020202,0,0
final_rest,0,725100.0,0.002894,-0.015015,0,0
final_rest,0,725200.0,0.005970,-0.017442,0,0
final_rest,0,725300.0,0.002937,-0.020173,0,0
final_rest,0,725400.0,0.002874,-0.017241,0,0
final_rest,0,725500.0,0.008942,-0.012384,0,0
final_rest,0,725600.0,0.005952,-0.020802,0,0
final_rest,0,725700.0,0.005979,-0.017467,0,0
final_rest,0,725800.0,0.005979,-0.017884,0,0
final_rest,0,725900.0,0.006192,-0.017391,0,0
final_rest,0,726000.0,0.006826,-0.018154,0,0
final_rest,0,726100.0,0.006211,-0.020115,0,0
final_rest,0,726200.0,0.006221,-0.017778,0,0
final_rest,0,726300.0,0.006211,-0.026565,0,0
final_rest,0,726400.0,0.009740,-0.020895,0,0
final_rest,0,726500.0,0.006202,-0.021180,0,0
final_rest,0,726600.0,0.008955,-0.020202,0,0
final_rest,0,726700.0,0.003096,-0.021244,0,0
final_rest,0,726800.0,0.005780,-0.020802,0,0
final_rest,0,726900.0,0.003247,-0.021605,0,0
final_rest,0,727000.0,0.003170,-0.018293,0,0
final_rest,0,727100.0,0.004357,-0.019418,0,0
final_rest,0,727200.0,0.006107,-0.020260,0,0
final_rest,0,727300.0,0.002937,-0.018293,0,0
final_rest,0,727400.0,0.006329,-0.020679,0,0
final_rest,0,727500.0,0.006700,-0.020679,0,0
final_rest,0,727600.0,0.006431,-0.021407,0,0
final_rest,0,727700.0,0.006319,-0.020231,0,0
final_rest,0,727800.0,0.003040,-0.020115,0,0
final_rest,0,727900.0,0.003012,-0.020741,0,0
final_rest,0,728000.0,0.002928,-0.020528,0,0
final_rest,0,728100.0,0.003373,-0.018349,0,0
final_rest,0,728200.0,0.006126,-0.021374,0,0
final_rest,0,728300.0,0.003284,-0.018663,0,0
final_rest,0,728400.0,0.006536,-0.020000,0,0
final_rest,0,728500.0,0.000000,-0.019108,0,0
final_rest,0,728600.0,0.003026,-0.021538,0,0
final_rest,0,728700.0,0.003030,-0.020958,0,0
final_rest,0,728800.0,0.003130,-0.021021,0,0
final_rest,0,728900.0,0.003407,-0.018405,0,0
final_rest,0,729000.0,0.003026,-0.015290,0,0
final_rest,0,729100.0,0.002937,-0.017391,0,0
final_rest,0,729200.0,0.003026,-0.018490,0,0
final_rest,0,729300.0,0.002954,-0.020029,0,0
final_rest,0,729400.0,0.002945,-0.020741,0,0
final_rest,0,729500.0,0.002972,-0.021180,0,0
final_rest,0,729600.0,0.005891,-0.020231,0,0
final_rest,0,729700.0,0.002933,-0.017778,0,0
final_rest,0,729800.0,0.000000,-0.017778,0,0
final_rest,0,729900.0,0.005874,-0.021180,0,0
final_rest,0,730000.0,0.003040,-0.018293,0,0
final_rest,0,730100.0,0.006107,-0.018265,0,0
final_rest,0,730200.0,0.006483,-0.021875,0,0
final_rest,0,730300.0,0.006088,-0.018100,0,0
final_rest,0,730400.0,0.005900,-0.021148,0,0
final_rest,0,730500.0,0.002945,-0.021116,0,0
final_rest,0,730600.0,0.005882,-0.020144,0,0
final_rest,0,730700.0,0.002981,-0.020438,0,0
final_rest,0,730800.0,0.000000,-0.018433,0,0
final_rest,0,730900.0,0.000000,-0.021605,0,0
final_rest,0,731000.0,0.003101,-0.018018,0,0
final_rest,0,731100.0,0.002945,-0.020408,0,0
final_rest,0,731200.0,0.003226,-0.018377,0,0
final_rest,0,731300.0,0.005690,-0.021705,0,0
final_rest,0,731400.0,0.003413,-0.018633,0,0
final_rest,0,731500.0,0.003049,-0.022364,0,0
final_rest,0,731600.0,0.002937,-0.021944,0,0
final_rest,0,731700.0,0.002937,-0.020468,0,0
final_rest,0,731800.0,0.002857,-0.021638,0,0
final_rest,0,731900.0,0.000000,-0.020319,0,0
final_rest,0,732000.0,0.000000,-0.020833,0,0
final_rest,0,732100.0,0.006192,-0.020029,0,0
final_rest,0,732200.0,0.003231,-0.020772,0,0
final_rest,0,732300.0,0.004348,-0.021944,0,0
final_rest,0,732400.0,0.003216,-0.020202,0,0
final_rest,0,732500.0,0.003091,-0.020029,0,0
final_rest,0,732600.0,0.003221,-0.021638,0,0
final_rest,0,732700.0,0.003106,-0.020741,0,0
final_rest,0,732800.0,0.000000,-0.020772,0,0
final_rest,0,732900.0,0.003210,-0.020086,0,0
final_rest,0,733000.0,0.003101,-0.020290,0,0
final_rest,0,733100.0,0.003636,-0.020260,0,0
final_rest,0,733200.0,0.003110,-0.020029,0,0
final_rest,0,733300.0,0.003221,-0.018692,0,0
final_rest,0,733400.0,0.003067,-0.021505,0,0
final_rest,0,733500.0,0.003195,-0.015060,0,0
final_rest,0,733600.0,0.003300,-0.018127,0,0
final_rest,0,733700.0,0.004132,-0.021440,0,0
final_rest,0,733800.0,0.006667,-0.018127,0,0
final_rest,0,733900.0,0.003322,-0.020260,0,0
final_rest,0,734000.0,0.003584,-0.017804,0,0
final_rest,0,734100.0,0.000000,-0.021700,0,0
final_rest,0,734200.0,0.007233,-0.018692,0,0
final_rest,0,734300.0,0.003295,-0.020000,0,0
final_rest,0,734400.0,0.003284,-0.020679,0,0
final_rest,0,734500.0,0.003185,-0.020772,0,0
final_rest,0,734600.0,0.006289,-0.017621,0,0
final_rest,0,734700.0,0.003165,-0.020029,0,0
final_rest,0,734800.0,0.003106,-0.020086,0,0
final_rest,0,734900.0,0.000000,-0.017937,0,0
final_rest,0,735000.0,0.003106,-0.020115,0,0
final_rest,0,735100.0,0.003096,-0.020649,0,0
final_rest,0,735200.0,0.006441,-0.020679,0,0
final_rest,0,735300.0,0.003096,-0.020057,0,0
final_rest,0,735400.0,0.003210,-0.020833,0,0
final_rest,0,735500.0,0.006070,-0.020528,0,0
final_rest,0,735600.0,0.003527,-0.015823,0,0
final_rest,0,735700.0,0.000000,-0.037736,0,0
final_rest,0,735800.0,0.000000,-0.021084,0,0
final_rest,0,735900.0,0.003190,-0.020468,0,0
final_rest,0,736000.0,0.003221,-0.021909,0,0
final_rest,0,736100.0,0.003106,-0.020144,0,0
final_rest,0,736200.0,0.006483,-0.020679,0,0
final_rest,0,736300.0,0.003345,-0.021116,0,0
final_rest,0,736400.0,0.003110,-0.021909,0,0
final_rest,0,736500.0,0.005682,-0.025063,0,0
final_rest,0,736600.0,0.000000,-0.016667,0,0
final_rest,0,736700.0,0.003210,-0.021773,0,0
final_rest,0,736800.0,0.002898,-0.021053,0,0
final_rest,0,736900.0,0.006173,-0.020895,0,0
final_rest,0,737000.0,0.003221,-0.020260,0,0
final_rest,0,737100.0,0.002994,-0.022838,0,0
final_rest,0,737200.0,0.004866,-0.020033,0,0
final_rest,0,737300.0,0.003210,-0.017341,0,0
final_rest,0,737400.0,0.003210,-0.020802,0,0
final_rest,0,737500.0,0.003106,-0.020772,0,0
final_rest,0,737600.0,0.003200,-0.020144,0,0
final_rest,0,737700.0,0.010239,-0.020378,0,0
final_rest,0,737800.0,0.006441,-0.020202,0,0
final_rest,0,737900.0,0.003165,-0.018237,0,0
final_rest,0,738000.0,0.003221,-0.020115,0,0
final_rest,0,738100.0,0.003012,-0.017910,0,0
final_rest,0,738200.0,0.003017,-0.017291,0,0
final_rest,0,738300.0,0.003591,-0.021739,0,0
final_rest,0,738400.0,0.002981,-0.020895,0,0
final_rest,0,738500.0,0.000000,-0.020029,0,0
final_rest,0,738600.0,0.004098,-0.026201,0,0
final_rest,0,738700.0,0.003226,-0.021180,0,0
final_rest,0,738800.0,0.015936,-0.018072,0,0
final_rest,0,738900.0,0.006515,-0.020000,0,0
final_rest,0,739000.0,0.008032,-0.018663,0,0
final_rest,0,739100.0,0.003130,-0.020202,0,0
final_rest,0,739200.0,0.000000,-0.023850,0,0
final_rest,0,739300.0,0.003021,-0.017778,0,0
final_rest,0,739400.0,0.003053,-0.017751,0,0
final_rest,0,739500.0,0.006260,-0.020319,0,0
final_rest,0,739600.0,0.002972,-0.020290,0,0
final_rest,0,739700.0,0.003125,-0.018127,0,0
final_rest,0,739800.0,0.000000,-0.021053,0,0
final_rest,0,739900.0,0.003049,-0.017366,0,0
final_rest,0,740000.0,0.003106,-0.020558,0,0
final_rest,0,740100.0,0.003077,-0.020378,0,0
final_rest,0,740200.0,0.003115,-0.021148,0,0
final_rest,0,740300.0,0.003221,-0.020772,0,0
final_rest,0,740400.0,0.003190,-0.015649,0,0
final_rest,0,740500.0,0.005731,-0.021552,0,0
final_rest,0,740600.0,0.003221,-0.020260,0,0
final_rest,0,740700.0,0.000000,-0.021605,0,0
final_rest,0,740800.0,0.003035,-0.020029,0,0
final_rest,0,740900.0,0.006202,-0.020958,0,0
final_rest,0,741000.0,0.003135,-0.017673,0,0
final_rest,0,741100.0,0.003205,-0.020000,0,0
final_rest,0,741200.0,0.003180,-0.020649,0,0
final_rest,0,741300.0,0.005731,-0.020619,0,0
final_rest,0,741400.0,0.003236,-0.017804,0,0
final_rest,0,741500.0,0.003106,-0.019078,0,0
final_rest,0,741600.0,0.003021,-0.017391,0,0
final_rest,0,741700.0,0.004785,-0.018182,0,0
final_rest,0,741800.0,0.003484,-0.021672,0,0
final_rest,0,741900.0,0.000000,-0.022364,0,0
final_rest,0,742000.0,0.000000,-0.021053,0,0
final_rest,0,742100.0,0.003021,-0.021021,0,0
final_rest,0,742200.0,0.005780,-0.021505,0,0
final_rest,0,742300.0,0.003221,-0.017192,0,0
final_rest,0,742400.0,0.006421,-0.017266,0,0
final_rest,0,742500.0,0.000000,-0.020649,0,0
final_rest,0,742600.0,0.003096,-0.018100,0,0
final_rest,0,742700.0,0.003221,-0.014925,0,0
final_rest,0,742800.0,0.003356,-0.020741,0,0
final_rest,0,742900.0,0.000000,-0.020958,0,0
final_rest,0,743000.0,0.000000,-0.018605,0,0
final_rest,0,743100.0,0.000000,-0.020528,0,0
final_rest,0,743200.0,0.000000,-0.017884,0,0
final_rest,0,743300.0,0.003205,-0.020000,0,0
final_rest,0,743400.0,-0.003322,-0.020833,0,0
final_rest,0,743500.0,0.000000,-0.017647,0,0
final_rest,0,743600.0,0.003082,-0.020498,0,0
final_rest,0,743700.0,0.000000,-0.018072,0,0
final_rest,0,743800.0,0.000000,-0.017167,0,0
final_rest,0,743900.0,0.000000,-0.022047,0,0
final_rest,0,744000.0,0.000000,-0.020588,0,0
final_rest,0,744100.0,0.000000,-0.020029,0,0
final_rest,0,744200.0,0.003125,-0.020679,0,0
final_rest,0,744300.0,0.000000,-0.021841,0,0
final_rest,0,744400.0,0.000000,-0.021277,0,0
final_rest,0,744500.0,-0.003231,-0.021705,0,0
final_rest,0,744600.0,0.003306,-0.021116,0,0
final_rest,0,744700.0,0.000000,-0.020290,0,0
final_rest,0,744800.0,0.006768,-0.021407,0,0
final_rest,0,744900.0,-0.003345,-0.021440,0,0
final_rest,0,745000.0,0.000000,-0.018377,0,0
final_rest,0,745100.0,0.003846,-0.018377,0,0
final_rest,0,745200.0,0.000000,-0.017167,0,0
final_rest,0,745300.0,0.000000,-0.020498,0,0
final_rest,0,745400.0,0.000000,-0.017725,0,0
final_rest,0,745500.0,0.003165,-0.021341,0,0
final_rest,0,745600.0,0.000000,-0.023564,0,0
final_rest,0,745700.0,-0.003205,-0.024465,0,0
final_rest,0,745800.0,0.008547,-0.025157,0,0
final_rest,0,745900.0,0.000000,-0.022890,0,0
final_rest,0,746000.0,-0.003021,-0.021472,0,0
final_rest,0,746100.0,0.000000,-0.020468,0,0
final_rest,0,746200.0,0.003221,-0.023599,0,0
final_rest,0,746300.0,-0.003231,-0.021538,0,0
final_rest,0,746400.0,-0.003049,-0.021116,0,0
final_rest,0,746500.0,-0.003221,-0.021244,0,0
final_rest,0,746600.0,0.003252,-0.020958,0,0
final_rest,0,746700.0,0.000000,-0.015267,0,0
final_rest,0,746800.0,0.000000,-0.020927,0,0
final_rest,0,746900.0,-0.002946,-0.021180,0,0
final_rest,0,747000.0,0.000000,-0.024138,0,0
final_rest,0,747100.0,-0.003717,-0.021407,0,0
final_rest,0,747200.0,0.000000,-0.019737,0,0
final_rest,0,747300.0,0.000000,-0.020741,0,0
final_rest,0,747400.0,0.002907,-0.017192,0,0
final_rest,0,747500.0,0.000000,-0.015528,0,0
final_rest,0,747600.0,0.005141,-0.013423,0,0
final_rest,0,747700.0,-0.003008,-0.018182,0,0
final_rest,0,747800.0,0.000000,-0.015152,0,0
final_rest,0,747900.0,0.000000,-0.018182,0,0
final_rest,0,748000.0,0.000000,-0.018182,0,0
final_rest,0,748100.0,0.000000,-0.017621,0,0
final_rest,0,748200.0,-0.003026,-0.021116,0,0
final_rest,0,748300.0,-0.003205,-0.017778,0,0
final_rest,0,748400.0,0.003216,-0.018321,0,0
final_rest,0,748500.0,0.000000,-0.017964,0,0
final_rest,0,748600.0,0.000000,-0.017751,0,0
final_rest,0,748700.0,0.000000,-0.017391,0,0
final_rest,0,748800.0,0.000000,-0.019078,0,0
final_rest,0,748900.0,0.000000,-0.020679,0,0
final_rest,0,749000.0,0.000000,-0.020741,0,0
final_rest,0,749100.0,0.000000,-0.017391,0,0
final_rest,0,749200.0,0.000000,-0.017192,0,0
final_rest,0,749300.0,0.000000,-0.021180,0,0
final_rest,0,749400.0,0.000000,-0.020958,0,0
final_rest,0,749500.0,0.003135,-0.020710,0,0
final_rest,0,749600.0,0.002967,-0.020679,0,0
final_rest,0,749700.0,0.000000,-0.017725,0,0
final_rest,0,749800.0,0.000000,-0.020173,0,0
final_rest,0,749900.0,0.000000,-0.020202,0,0
final_rest,0,750000.0,0.000000,-0.020029,0,0
final_rest,0,750100.0,0.000000,-0.020290,0,0
final_rest,0,750200.0,-0.003295,-0.020990,0,0
final_rest,0,750300.0,0.000000,-0.020895,0,0
final_rest,0,750400.0,0.000000,-0.018490,0,0
final_rest,0,750500.0,0.000000,-0.015528,0,0
final_rest,0,750600.0,0.000000,-0.020741,0,0
final_rest,0,750700.0,0.000000,-0.016260,0,0
final_rest,0,750800.0,0.000000,-0.021807,0,0
final_rest,0,750900.0,0.000000,-0.020588,0,0
final_rest,0,751000.0,0.000000,-0.020029,0,0
final_rest,0,751100.0,0.000000,-0.020057,0,0
final_rest,0,751200.0,-0.003096,-0.018547,0,0
final_rest,0,751300.0,0.000000,-0.020057,0,0
final_rest,0,751400.0,0.000000,-0.020772,0,0
final_rest,0,751500.0,0.000000,-0.020408,0,0
final_rest,0,751600.0,0.000000,-0.017804,0,0
final_rest,0,751700.0,0.000000,-0.017725,0,0
final_rest,0,751800.0,0.000000,-0.020029,0,0
final_rest,0,751900.0,0.000000,-0.020319,0,0
final_rest,0,752000.0,-0.003155,-0.018209,0,0
final_rest,0,752100.0,0.003350,-0.019078,0,0
final_rest,0,752200.0,0.000000,-0.017725,0,0
final_rest,0,752300.0,0.000000,-0.020349,0,0
final_rest,0,752400.0,0.003082,-0.017699,0,0
final_rest,0,752500.0,0.000000,-0.021638,0,0
final_rest,0,752600.0,0.000000,-0.019324,0,0
final_rest,0,752700.0,0.000000,-0.020468,0,0
final_rest,0,752800.0,0.000000,-0.020290,0,0
final_rest,0,752900.0,-0.003160,-0.017725,0,0
final_rest,0,753000.0,0.000000,-0.020990,0,0
final_rest,0,753100.0,0.000000,-0.021277,0,0
final_rest,0,753200.0,0.000000,-0.020679,0,0
final_rest,0,753300.0,0.003101,-0.020802,0,0
final_rest,0,753400.0,0.000000,-0.020260,0,0
final_rest,0,753500.0,0.000000,-0.021021,0,0
final_rest,0,753600.0,0.003091,-0.020679,0,0
final_rest,0,753700.0,0.000000,-0.020895,0,0
final_rest,0,753800.0,-0.003430,-0.018957,0,0
final_rest,0,753900.0,0.003279,-0.020115,0,0
final_rest,0,754000.0,0.000000,-0.020029,0,0
final_rest,0,754100.0,0.000000,-0.014347,0,0
final_rest,0,754200.0,0.003130,-0.017192,0,0
final_rest,0,754300.0,0.002886,-0.017391,0,0
final_rest,0,754400.0,0.000000,-0.020864,0,0
final_rest,0,754500.0,0.000000,-0.017778,0,0
final_rest,0,754600.0,0.000000,-0.020086,0,0
final_rest,0,754700.0,0.000000,-0.020588,0,0
final_rest,0,754800.0,0.000000,-0.020057,0,0
final_rest,0,754900.0,0.003155,-0.020349,0,0
final_rest,0,755000.0,0.000000,-0.020086,0,0
final_rest,0,755100.0,0.000000,-0.020000,0,0
final_rest,0,755200.0,0.000000,-0.020319,0,0
final_rest,0,755300.0,0.003106,-0.018462,0,0
final_rest,0,755400.0,0.000000,-0.020202,0,0
final_rest,0,755500.0,0.006814,-0.021180,0,0
final_rest,0,755600.0,0.000000,-0.017417,0,0
final_rest,0,755700.0,-0.002959,-0.021084,0,0
final_rest,0,755800.0,0.000000,-0.021244,0,0
final_rest,0,755900.0,0.000000,-0.017725,0,0
final_rest,0,756000.0,-0.002853,-0.020057,0,0
final_rest,0,756100.0,-0.003096,-0.020029,0,0
final_rest,0,756200.0,0.000000,-0.020290,0,0
final_rest,0,756300.0,-0.002865,-0.020649,0,0
final_rest,0,756400.0,0.000000,-0.020029,0,0
final_rest,0,756500.0,-0.003125,-0.020468,0,0
final_rest,0,756600.0,0.000000,-0.021341,0,0
final_rest,0,756700.0,-0.003021,-0.020710,0,0
final_rest,0,756800.0,-0.002959,-0.020679,0,0
final_rest,0,756900.0,-0.002954,-0.021148,0,0
final_rest,0,757000.0,-0.002874,-0.020057,0,0
final_rest,0,757100.0,0.000000,-0.012365,0,0
final_rest,0,757200.0,-0.003077,-0.020833,0,0
final_rest,0,757300.0,-0.003929,-0.016173,0,0
final_rest,0,757400.0,0.000000,-0.020057,0,0
final_rest,0,757500.0,0.000000,-0.022857,0,0
final_rest,0,757600.0,0.000000,-0.023634,0,0
final_rest,0,757700.0,0.000000,-0.023599,0,0
final_rest,0,757800.0,-0.003300,-0.023845,0,0
final_rest,0,757900.0,-0.003384,-0.018519,0,0
final_rest,0,758000.0,-0.002841,-0.022857,0,0
final_rest,0,758100.0,-0.003135,-0.020528,0,0
final_rest,0,758200.0,-0.003049,-0.023952,0,0
final_rest,0,758300.0,-0.003053,-0.025078,0,0
final_rest,0,758400.0,-0.002959,-0.022890,0,0
final_rest,0,758500.0,-0.002857,-0.023495,0,0
final_rest,0,758600.0,-0.004566,-0.024615,0,0
final_rest,0,758700.0,-0.002861,-0.023495,0,0
final_rest,0,758800.0,-0.002963,-0.024133,0,0
final_rest,0,758900.0,0.000000,-0.023916,0,0
final_rest,0,759000.0,-0.003914,-0.013699,0,0
final_rest,0,759100.0,0.000000,-0.022956,0,0
final_rest,0,759200.0,-0.005797,-0.023599,0,0
final_rest,0,759300.0,0.000000,-0.024242,0,0
final_rest,0,759400.0,-0.002946,-0.023599,0,0
final_rest,0,759500.0,-0.002865,-0.020649,0,0
final_rest,0,759600.0,0.000000,-0.023669,0,0
final_rest,0,759700.0,-0.003724,-0.025276,0,0
final_rest,0,759800.0,-0.003026,-0.021841,0,0
final_rest,0,759900.0,-0.003096,-0.022857,0,0
final_rest,0,760000.0,0.000000,-0.020649,0,0
final_rest,0,760100.0,0.000000,-0.020649,0,0
final_rest,0,760200.0,-0.003072,-0.023564,0,0
final_rest,0,760300.0,-0.006173,-0.023774,0,0
final_rest,0,760400.0,-0.002829,-0.020260,0,0
final_rest,0,760500.0,-0.003527,-0.027682,0,0
final_rest,0,760600.0,0.000000,-0.023155,0,0
final_rest,0,760700.0,-0.006319,-0.020029,0,0
final_rest,0,760800.0,0.000000,-0.021638,0,0
final_rest,0,760900.0,-0.003120,-0.023599,0,0
final_rest,0,761000.0,-0.003448,-0.023988,0,0
final_rest,0,761100.0,-0.006107,-0.023952,0,0
final_rest,0,761200.0,-0.004545,-0.024653,0,0
final_rest,0,761300.0,0.003367,-0.023704,0,0
final_rest,0,761400.0,-0.003367,-0.023188,0,0
final_rest,0,761500.0,-0.003367,-0.023988,0,0
final_rest,0,761600.0,0.000000,-0.024279,0,0
final_rest,0,761700.0,0.000000,-0.023988,0,0
final_rest,0,761800.0,0.000000,-0.024263,0,0
final_rest,0,761900.0,0.000000,-0.022857,0,0
final_rest,0,762000.0,-0.003072,-0.024024,0,0
final_rest,0,762100.0,-0.003460,-0.023669,0,0
final_rest,0,762200.0,-0.003140,-0.024502,0,0
final_rest,0,762300.0,-0.003082,-0.023634,0,0
final_rest,0,762400.0,0.000000,-0.023845,0,0
final_rest,0,762500.0,-0.006359,-0.024578,0,0
final_rest,0,762600.0,0.000000,-0.023881,0,0
final_rest,0,762700.0,0.000000,-0.020741,0,0
final_rest,0,762800.0,-0.003130,-0.017217,0,0
final_rest,0,762900.0,0.000000,-0.020029,0,0
final_rest,0,763000.0,-0.002890,-0.020260,0,0
final_rest,0,763100.0,-0.003058,-0.014925,0,0
final_rest,0,763200.0,-0.003226,-0.020679,0,0
final_rest,0,763300.0,-0.003328,-0.021944,0,0
final_rest,0,763400.0,-0.003067,-0.020958,0,0
final_rest,0,763500.0,-0.003425,-0.021021,0,0
final_rest,0,763600.0,-0.006098,-0.019646,0,0
final_rest,0,763700.0,-0.002916,-0.020290,0,0
final_rest,0,763800.0,0.000000,-0.018100,0,0
final_rest,0,763900.0,-0.006230,-0.018868,0,0
final_rest,0,764000.0,-0.006981,-0.018898,0,0
final_rest,0,764100.0,-0.002933,-0.017964,0,0
final_rest,0,764200.0,-0.003101,-0.020378,0,0
final_rest,0,764300.0,-0.004024,-0.021277,0,0
final_rest,0,764400.0,0.000000,-0.021212,0,0
final_rest,0,764500.0,-0.002907,-0.018154,0,0
final_rest,0,764600.0,-0.007421,-0.021505,0,0
final_rest,0,764700.0,-0.003454,-0.020588,0,0
final_rest,0,764800.0,0.000000,-0.012739,0,0
final_rest,0,764900.0,0.000000,-0.009346,0,0
final_rest,0,765000.0,0.000000,-0.014793,0,0
final_rest,0,765100.0,0.000000,-0.020679,0,0
final_rest,0,765200.0,-0.006814,-0.018750,0,0
final_rest,0,765300.0,-0.003373,-0.021572,0,0
final_rest,0,765400.0,-0.002998,-0.020000,0,0
final_rest,0,765500.0,-0.002890,-0.015798,0,0
final_rest,0,765600.0,-0.003008,-0.020029,0,0
final_rest,0,765700.0,-0.002959,-0.018377,0,0
final_rest,0,765800.0,-0.003345,-0.020528,0,0
final_rest,0,765900.0,-0.002950,-0.020000,0,0
final_rest,0,766000.0,-0.003460,-0.017751,0,0
final_rest,0,766100.0,-0.006270,-0.017937,0,0
final_rest,0,766200.0,-0.002890,-0.020619,0,0
final_rest,0,766300.0,0.003704,-0.020710,0,0
final_rest,0,766400.0,-0.002869,-0.020990,0,0
final_rest,0,766500.0,-0.002878,-0.020927,0,0
final_rest,0,766600.0,0.003824,-0.020864,0,0
final_rest,0,766700.0,-0.003824,-0.020378,0,0
final_rest,0,766800.0,0.000000,-0.021705,0,0
final_rest,0,766900.0,-0.002950,-0.021978,0,0
final_rest,0,767000.0,-0.002853,-0.020349,0,0
final_rest,0,767100.0,-0.003221,-0.020290,0,0
final_rest,0,767200.0,-0.004938,-0.021309,0,0
final_rest,0,767300.0,-0.002882,-0.020029,0,0
final_rest,0,767400.0,-0.002937,-0.018838,0,0
final_rest,0,767500.0,0.000000,-0.019449,0,0
final_rest,0,767600.0,0.000000,-0.020029,0,0
final_rest,0,767700.0,-0.002865,-0.018576,0,0
final_rest,0,767800.0,-0.002874,-0.020029,0,0
final_rest,0,767900.0,-0.002941,-0.020086,0,0
final_rest,0,768000.0,-0.005857,-0.024096,0,0
final_rest,0,768100.0,0.000000,-0.021148,0,0
final_rest,0,768200.0,-0.002886,-0.020927,0,0
final_rest,0,768300.0,-0.002916,-0.020741,0,0
final_rest,0,768400.0,-0.006182,-0.021244,0,0
final_rest,0,768500.0,-0.006873,-0.018072,0,0
final_rest,0,768600.0,-0.002994,-0.020000,0,0
final_rest,0,768700.0,-0.005348,-0.019769,0,0
final_rest,0,768800.0,-0.006656,-0.020086,0,0
final_rest,0,768900.0,-0.003067,-0.020710,0,0
final_rest,0,769000.0,-0.002916,-0.020260,0,0
final_rest,0,769100.0,-0.002857,-0.020029,0,0
final_rest,0,769200.0,0.000000,-0.014347,0,0
final_rest,0,769300.0,-0.005789,-0.018127,0,0
final_rest,0,769400.0,0.003869,-0.017751,0,0
final_rest,0,769500.0,0.000000,-0.014837,0,0
final_rest,0,769600.0,0.000000,-0.020741,0,0
final_rest,0,769700.0,-0.002920,-0.020057,0,0
final_rest,0,769800.0,-0.006250,-0.021572,0,0
final_rest,0,769900.0,-0.006250,-0.021705,0,0
final_rest,0,770000.0,-0.003145,-0.020290,0,0
final_rest,0,770100.0,-0.003082,-0.021374,0,0
final_rest,0,770200.0,-0.003317,-0.020086,0,0
final_rest,0,770300.0,-0.002882,-0.020679,0,0
final_rest,0,770400.0,-0.002903,-0.020558,0,0
final_rest,0,770500.0,-0.002990,-0.020000,0,0
final_rest,0,770600.0,-0.003339,-0.018154,0,0
final_rest,0,770700.0,-0.003623,-0.021605,0,0
final_rest,0,770800.0,-0.003306,-0.014493,0,0
final_rest,0,770900.0,-0.003026,-0.020000,0,0
final_rest,0,771000.0,-0.004082,-0.022328,0,0
final_rest,0,771100.0,0.000000,-0.020772,0,0
final_rest,0,771200.0,-0.006329,-0.020679,0,0
final_rest,0,771300.0,-0.006689,-0.019169,0,0
final_rest,0,771400.0,-0.006957,-0.018405,0,0
final_rest,0,771500.0,0.003861,-0.020029,0,0
final_rest,0,771600.0,0.000000,-0.020260,0,0
final_rest,0,771700.0,0.003824,-0.015649,0,0
final_rest,0,771800.0,-0.002924,-0.020202,0,0
final_rest,0,771900.0,-0.003231,-0.020260,0,0
final_rest,0,772000.0,-0.003200,-0.021148,0,0
final_rest,0,772100.0,-0.002937,-0.020000,0,0
final_rest,0,772200.0,-0.002907,-0.020260,0,0
final_rest,0,772300.0,-0.002899,-0.020029,0,0
final_rest,0,772400.0,-0.006700,-0.018490,0,0
final_rest,0,772500.0,-0.006359,-0.020619,0,0
final_rest,0,772600.0,-0.003268,-0.014815,0,0
final_rest,0,772700.0,-0.002853,-0.017192,0,0
final_rest,0,772800.0,-0.002981,-0.018072,0,0
final_rest,0,772900.0,-0.006250,-0.021341,0,0
final_rest,0,773000.0,-0.006803,-0.017036,0,0
final_rest,0,773100.0,0.000000,-0.020173,0,0
final_rest,0,773200.0,-0.003130,-0.020115,0,0
final_rest,0,773300.0,-0.003012,-0.020029,0,0
final_rest,0,773400.0,0.002907,-0.020679,0,0
final_rest,0,773500.0,0.000000,-0.018321,0,0
final_rest,0,773600.0,-0.003086,-0.020990,0,0
final_rest,0,773700.0,-0.002933,-0.015060,0,0
final_rest,0,773800.0,0.003125,-0.020260,0,0
final_rest,0,773900.0,-0.006024,-0.021244,0,0
final_rest,0,774000.0,-0.003106,-0.011834,0,0
final_rest,0,774100.0,-0.003165,-0.015385,0,0
final_rest,0,774200.0,-0.002841,-0.020029,0,0
final_rest,0,774300.0,-0.002981,-0.021440,0,0
final_rest,0,774400.0,-0.002903,-0.017647,0,0
final_rest,0,774500.0,-0.003160,-0.017192,0,0
final_rest,0,774600.0,0.000000,-0.015290,0,0
final_rest,0,774700.0,-0.003125,-0.017192,0,0
final_rest,0,774800.0,-0.002797,-0.020029,0,0
final_rest,0,774900.0,-0.002882,-0.020057,0,0
final_rest,0,775000.0,-0.006173,-0.018349,0,0
final_rest,0,775100.0,-0.002916,-0.018490,0,0
final_rest,0,775200.0,-0.003021,-0.021021,0,0
final_rest,0,775300.0,-0.003205,-0.017192,0,0
final_rest,0,775400.0,-0.002954,-0.020000,0,0
final_rest,0,775500.0,0.000000,-0.018018,0,0
final_rest,0,775600.0,-0.002778,-0.021053,0,0
final_rest,0,775700.0,-0.003210,-0.023952,0,0
final_rest,0,775800.0,0.000000,-0.017778,0,0
final_rest,0,775900.0,-0.003247,-0.017241,0,0
final_rest,0,776000.0,0.000000,-0.020679,0,0
final_rest,0,776100.0,0.000000,-0.020029,0,0
final_rest,0,776200.0,-0.003160,-0.021244,0,0
final_rest,0,776300.0,0.000000,-0.020895,0,0
final_rest,0,776400.0,-0.003140,-0.022857,0,0
final_rest,0,776500.0,-0.005891,-0.023845,0,0
final_rest,0,776600.0,0.000000,-0.017937,0,0
final_rest,0,776700.0,-0.002916,-0.018633,0,0
final_rest,0,776800.0,-0.002990,-0.017991,0,0
final_rest,0,776900.0,-0.005908,-0.018209,0,0
final_rest,0,777000.0,-0.005997,-0.017266,0,0
final_rest,0,777100.0,-0.006061,-0.017544,0,0
final_rest,0,777200.0,-0.006452,-0.011628,0,0
final_rest,0,777300.0,-0.002994,-0.017192,0,0
final_rest,0,777400.0,-0.002849,-0.017192,0,0
final_rest,0,777500.0,-0.002967,-0.015674,0,0
final_rest,0,777600.0,-0.002845,-0.017391,0,0
final_rest,0,777700.0,-0.003044,-0.018265,0,0
final_rest,0,777800.0,-0.003333,-0.014771,0,0
final_rest,0,777900.0,-0.003021,-0.017192,0,0
final_rest,0,778000.0,-0.002937,-0.018633,0,0
final_rest,0,778100.0,-0.002809,-0.017167,0,0
final_rest,0,778200.0,-0.005970,-0.017518,0,0
final_rest,0,778300.0,-0.002837,-0.017291,0,0
final_rest,0,778400.0,-0.002853,-0.018072,0,0
final_rest,0,778500.0,-0.003540,-0.014620,0,0
final_rest,0,778600.0,-0.002981,-0.017595,0,0
final_rest,0,778700.0,-0.005970,-0.014881,0,0
final_rest,0,778800.0,-0.002813,-0.017241,0,0
final_rest,0,778900.0,-0.003072,-0.021407,0,0
final_rest,0,779000.0,-0.006024,-0.018576,0,0
final_rest,0,779100.0,0.000000,-0.020498,0,0
final_rest,0,779200.0,-0.002963,-0.019512,0,0
final_rest,0,779300.0,-0.006024,-0.021672,0,0
final_rest,0,779400.0,-0.002886,-0.020619,0,0
final_rest,0,779500.0,-0.002946,-0.020260,0,0
final_rest,0,779600.0,-0.006515,-0.018083,0,0
final_rest,0,779700.0,-0.002998,-0.020260,0,0
final_rest,0,779800.0,-0.006182,-0.018779,0,0
final_rest,0,779900.0,-0.003367,-0.020144,0,0
final_rest,0,780000.0,-0.003030,-0.020895,0,0
final_rest,0,780100.0,-0.003861,-0.020958,0,0
final_rest,0,780200.0,-0.006033,-0.020202,0,0
final_rest,0,780300.0,-0.006579,-0.015083,0,0
final_rest,0,780400.0,-0.002990,-0.018868,0,0
final_rest,0,780500.0,-0.002865,-0.015924,0,0
final_rest,0,780600.0,-0.003140,-0.018519,0,0
final_rest,0,780700.0,-0.003030,-0.018605,0,0
final_rest,0,780800.0,-0.003180,-0.015649,0,0
final_rest,0,780900.0,-0.003053,-0.017595,0,0
final_rest,0,781000.0,-0.003096,-0.018633,0,0
final_rest,0,781100.0,-0.003367,-0.017991,0,0
final_rest,0,781200.0,-0.002817,-0.017192,0,0
final_rest,0,781300.0,-0.006024,-0.017937,0,0
final_rest,0,781400.0,-0.006240,-0.018490,0,0
final_rest,0,781500.0,-0.003350,-0.018750,0,0
final_rest,0,781600.0,-0.003030,-0.017725,0,0
final_rest,0,781700.0,-0.002845,-0.017570,0,0
final_rest,0,781800.0,-0.004673,-0.012618,0,0
final_rest,0,781900.0,-0.002959,-0.017192,0,0
final_rest,0,782000.0,-0.005926,-0.017804,0,0
final_rest,0,782100.0,-0.003077,-0.017192,0,0
final_rest,0,782200.0,-0.002990,-0.017964,0,0
final_rest,0,782300.0,-0.003012,-0.017192,0,0
final_rest,0,782400.0,-0.002907,-0.014948,0,0
final_rest,0,782500.0,-0.006349,-0.017544,0,0
final_rest,0,782600.0,-0.004415,-0.018433,0,0
final_rest,0,782700.0,0.000000,-0.017910,0,0
final_rest,0,782800.0,-0.002890,-0.019262,0,0
final_rest,0,782900.0,-0.003170,-0.017778,0,0
final_rest,0,783000.0,-0.003190,-0.018293,0,0
final_rest,0,783100.0,-0.003125,-0.020958,0,0
final_rest,0,783200.0,-0.003160,-0.020927,0,0
final_rest,0,783300.0,-0.005865,-0.020029,0,0
final_rest,0,783400.0,-0.002976,-0.020528,0,0
final_rest,0,783500.0,-0.007380,-0.018519,0,0
final_rest,0,783600.0,-0.005714,-0.017725,0,0
final_rest,0,783700.0,-0.005780,-0.020990,0,0
final_rest,0,783800.0,-0.002963,-0.020029,0,0
final_rest,0,783900.0,-0.002963,-0.017366,0,0
final_rest,0,784000.0,-0.002841,-0.017366,0,0
final_rest,0,784100.0,-0.007273,-0.021440,0,0
final_rest,0,784200.0,-0.006144,-0.018721,0,0
final_rest,0,784300.0,-0.002981,-0.020029,0,0
final_rest,0,784400.0,-0.003140,-0.018576,0,0
final_rest,0,784500.0,-0.003049,-0.015060,0,0
final_rest,0,784600.0,-0.002899,-0.020290,0,0
final_rest,0,784700.0,-0.002882,-0.020029,0,0
final_rest,0,784800.0,-0.006803,-0.018265,0,0
final_rest,0,784900.0,-0.002801,-0.020029,0,0
final_rest,0,785000.0,-0.002801,-0.020528,0,0
final_rest,0,785100.0,-0.002821,-0.021407,0,0
final_rest,0,785200.0,-0.002774,-0.020029,0,0
final_rest,0,785300.0,-0.002865,-0.021244,0,0
final_rest,0,785400.0,-0.002916,-0.020029,0,0
final_rest,0,785500.0,-0.003003,-0.021374,0,0
final_rest,0,785600.0,-0.008114,-0.013245,0,0
final_rest,0,785700.0,-0.006359,-0.020833,0,0
final_rest,0,785800.0,-0.006289,-0.016000,0,0
final_rest,0,785900.0,-0.002886,-0.020231,0,0
final_rest,0,786000.0,-0.003527,-0.015015,0,0
final_rest,0,786100.0,-0.003120,-0.015699,0,0
final_rest,0,786200.0,-0.003454,-0.012500,0,0
final_rest,0,786300.0,-0.003091,-0.018237,0,0
final_rest,0,786400.0,-0.003008,-0.017725,0,0
final_rest,0,786500.0,-0.003190,-0.023451,0,0
final_rest,0,786600.0,-0.007619,-0.020450,0,0
final_rest,0,786700.0,-0.003170,-0.017241,0,0
final_rest,0,786800.0,0.000000,-0.017417,0,0
final_rest,0,786900.0,-0.005772,-0.017570,0,0
final_rest,0,787000.0,0.000000,-0.020231,0,0
final_rest,0,787100.0,-0.002809,-0.020029,0,0
final_rest,0,787200.0,-0.002916,-0.017884,0,0
final_rest,0,787300.0,-0.006896,-0.022222,0,0
final_rest,0,787400.0,-0.006339,-0.021309,0,0
final_rest,0,787500.0,-0.006601,-0.019449,0,0
final_rest,0,787600.0,-0.002972,-0.020260,0,0
final_rest,0,787700.0,-0.002829,-0.020029,0,0
final_rest,0,787800.0,-0.003155,-0.020029,0,0
final_rest,0,787900.0,-0.003339,-0.017647,0,0
final_rest,0,788000.0,-0.003236,-0.021021,0,0
final_rest,0,788100.0,-0.003058,-0.023121,0,0
final_rest,0,788200.0,-0.003003,-0.020000,0,0
final_rest,0,788300.0,-0.002924,-0.020349,0,0
final_rest,0,788400.0,-0.006299,-0.023426,0,0
final_rest,0,788500.0,0.000000,-0.020725,0,0
final_rest,0,788600.0,-0.002899,-0.023599,0,0
final_rest,0,788700.0,-0.006135,-0.024353,0,0
final_rest,0,788800.0,-0.002920,-0.026012,0,0
final_rest,0,788900.0,-0.002990,-0.026588,0,0
final_rest,0,789000.0,-0.002907,-0.025678,0,0
final_rest,0,789100.0,-0.002817,-0.028257,0,0
final_rest,0,789200.0,-0.002907,-0.025714,0,0
final_rest,0,789300.0,-0.003295,-0.023916,0,0
final_rest,0,789400.0,-0.002853,-0.023088,0,0
final_rest,0,789500.0,-0.006711,-0.024279,0,0
final_rest,0,789600.0,-0.005926,-0.025974,0,0
final_rest,0,789700.0,0.000000,-0.025678,0,0
final_rest,0,789800.0,-0.002809,-0.026746,0,0
final_rest,0,789900.0,-0.002853,-0.020057,0,0
final_rest,0,790000.0,-0.002924,-0.017467,0,0
final_rest,0,790100.0,-0.003058,-0.025714,0,0
final_rest,0,790200.0,-0.002916,-0.026866,0,0
final_rest,0,790300.0,-0.002933,-0.024729,0,0
final_rest,0,790400.0,-0.002941,-0.023188,0,0
final_rest,0,790500.0,-0.007313,-0.019920,0,0
final_rest,0,790600.0,-0.002825,-0.017217,0,0
final_rest,0,790700.0,-0.003115,-0.024353,0,0
final_rest,0,790800.0,-0.002903,-0.026393,0,0
final_rest,0,790900.0,-0.002924,-0.026946,0,0
final_rest,0,791000.0,-0.002809,-0.026471,0,0
final_rest,0,791100.0,-0.002954,-0.025714,0,0
final_rest,0,791200.0,0.000000,-0.025678,0,0
final_rest,0,791300.0,-0.006359,-0.026549,0,0
final_rest,0,791400.0,0.000000,-0.023055,0,0
final_rest,0,791500.0,-0.006270,-0.020833,0,0
final_rest,0,791600.0,-0.003367,-0.021244,0,0
final_rest,0,791700.0,-0.006163,-0.024768,0,0
final_rest,0,791800.0,0.000000,-0.024024,0,0
final_rest,0,791900.0,-0.002878,-0.026946,0,0
final_rest,0,792000.0,-0.002924,-0.026277,0,0
final_rest,0,792100.0,-0.008475,-0.024353,0,0
final_rest,0,792200.0,-0.003026,-0.024653,0,0
final_rest,0,792300.0,-0.005908,-0.023810,0,0
final_rest,0,792400.0,-0.006126,-0.018349,0,0
final_rest,0,792500.0,0.000000,-0.024615,0,0
final_rest,0,792600.0,-0.006088,-0.024729,0,0
final_rest,0,792700.0,-0.003044,-0.023845,0,0
final_rest,0,792800.0,-0.003279,-0.018209,0,0
final_rest,0,792900.0,-0.002941,-0.021116,0,0
final_rest,0,793000.0,-0.005747,-0.020260,0,0
final_rest,0,793100.0,-0.003295,-0.022857,0,0
final_rest,0,793200.0,-0.002976,-0.020202,0,0
final_rest,0,793300.0,-0.002963,-0.020086,0,0
final_rest,0,793400.0,-0.006079,-0.022544,0,0
final_rest,0,793500.0,-0.003345,-0.020086,0,0
final_rest,0,793600.0,-0.007194,-0.020086,0,0
final_rest,0,793700.0,0.000000,-0.017266,0,0
final_rest,0,793800.0,-0.005979,-0.017291,0,0
final_rest,0,793900.0,-0.006024,-0.023022,0,0
final_rest,0,794000.0,-0.003690,-0.023774,0,0
final_rest,0,794100.0,0.000000,-0.017192,0,0
final_rest,0,794200.0,-0.005926,-0.024133,0,0
final_rest,0,794300.0,-0.002878,-0.020864,0,0
final_rest,0,794400.0,-0.007326,-0.015723,0,0
final_rest,0,794500.0,0.000000,-0.030568,0,0
final_rest,0,794600.0,0.000000,-0.021084,0,0
final_rest,0,794700.0,-0.002878,-0.020895,0,0
final_rest,0,794800.0,-0.002833,-0.023088,0,0
final_rest,0,794900.0,-0.003745,-0.023438,0,0
final_rest,0,795000.0,-0.002928,-0.020864,0,0
final_rest,0,795100.0,-0.005900,-0.020588,0,0
final_rest,0,795200.0,-0.007207,-0.021944,0,0
final_rest,0,795300.0,-0.006061,-0.024096,0,0
final_rest,0,795400.0,-0.006061,-0.021053,0,0
final_rest,0,795500.0,-0.003026,-0.018293,0,0
final_rest,0,795600.0,-0.006211,-0.020895,0,0
final_rest,0,795700.0,-0.005739,-0.022857,0,0
final_rest,0,795800.0,-0.006483,-0.015267,0,0
final_rest,0,795900.0,-0.005722,-0.021084,0,0
final_rest,0,796000.0,0.000000,-0.012403,0,0
final_rest,0,796100.0,-0.003656,-0.020710,0,0
final_rest,0,796200.0,-0.006768,-0.023774,0,0
final_rest,0,796300.0,-0.005764,-0.023564,0,0
final_rest,0,796400.0,-0.003252,-0.021116,0,0
final_rest,0,796500.0,-0.002941,-0.023988,0,0
final_rest,0,796600.0,-0.006051,-0.024465,0,0
final_rest,0,796700.0,-0.005706,-0.022890,0,0
final_rest,0,796800.0,-0.005900,-0.020927,0,0
final_rest,0,796900.0,-0.003478,-0.018377,0,0
final_rest,0,797000.0,-0.006088,-0.021440,0,0
final_rest,0,797100.0,-0.003466,-0.025357,0,0
final_rest,0,797200.0,-0.005714,-0.014837,0,0
final_rest,0,797300.0,-0.005690,-0.022825,0,0
final_rest,0,797400.0,-0.003106,-0.023155,0,0
final_rest,0,797500.0,-0.005579,-0.024206,0,0
final_rest,0,797600.0,-0.005690,-0.022857,0,0
final_rest,0,797700.0,-0.003774,-0.024390,0,0
final_rest,0,797800.0,-0.002886,-0.022857,0,0
final_rest,0,797900.0,-0.005714,-0.020260,0,0
final_rest,0,798000.0,-0.006349,-0.020173,0,0
final_rest,0,798100.0,-0.005747,-0.023088,0,0
final_rest,0,798200.0,-0.007491,-0.022187,0,0
final_rest,0,798300.0,-0.005865,-0.020029,0,0
final_rest,0,798400.0,-0.003077,-0.021212,0,0
final_rest,0,798500.0,-0.003306,-0.024096,0,0
final_rest,0,798600.0,-0.002937,-0.023121,0,0
final_rest,0,798700.0,-0.005747,-0.020710,0,0
final_rest,0,798800.0,-0.002786,-0.023952,0,0
final_rest,0,798900.0,-0.006472,-0.022857,0,0
final_rest,0,799000.0,-0.005997,-0.023564,0,0
final_rest,0,799100.0,-0.002865,-0.023810,0,0
final_rest,0,799200.0,-0.005935,-0.026432,0,0
final_rest,0,799300.0,-0.003215,-0.024096,0,0
final_rest,0,799400.0,-0.002869,-0.023881,0,0
final_rest,0,799500.0,-0.002789,-0.025788,0,0
final_rest,0,799600.0,-0.005739,-0.022857,0,0
final_rest,0,799700.0,-0.005706,-0.022890,0,0
final_rest,0,799800.0,-0.005797,-0.022890,0,0
final_rest,0,799900.0,-0.003165,-0.022890,0,0
final_rest,0,800000.0,-0.005739,-0.018072,0,0
final_rest,0,800100.0,-0.002990,-0.023916,0,0
final_rest,0,800200.0,-0.002911,-0.023529,0,0
final_rest,0,800300.0,-0.005706,-0.022890,0,0
final_rest,0,800400.0,-0.005789,-0.026049,0,0
final_rest,0,800500.0,-0.005739,-0.023599,0,0
final_rest,0,800600.0,-0.005764,-0.023952,0,0
final_rest,0,800700.0,-0.006088,-0.030151,0,0
final_rest,0,800800.0,-0.002903,-0.023599,0,0
final_rest,0,800900.0,-0.006088,-0.025714,0,0
final_rest,0,801000.0,-0.008032,-0.028037,0,0
final_rest,0,801100.0,-0.002907,-0.023774,0,0
final_rest,0,801200.0,-0.006154,-0.026049,0,0
final_rest,0,801300.0,-0.003401,-0.027108,0,0
final_rest,0,801400.0,-0.006024,-0.017192,0,0
final_rest,0,801500.0,-0.007042,-0.018605,0,0
final_rest,0,801600.0,-0.006452,-0.021084,0,0
final_rest,0,801700.0,-0.003339,-0.024206,0,0
final_rest,0,801800.0,-0.007313,-0.026239,0,0
final_rest,0,801900.0,-0.006088,-0.020772,0,0
final_rest,0,802000.0,-0.006006,-0.014815,0,0
final_rest,0,802100.0,-0.006015,-0.020438,0,0
final_rest,0,802200.0,-0.007017,-0.023324,0,0
final_rest,0,802300.0,-0.007194,-0.026906,0,0
final_rest,0,802400.0,-0.006006,-0.020588,0,0
final_rest,0,802500.0,-0.006098,-0.023426,0,0
final_rest,0,802600.0,-0.006006,-0.020710,0,0
final_rest,0,802700.0,-0.006015,-0.023358,0,0
final_rest,0,802800.0,-0.003876,-0.027108,0,0
final_rest,0,802900.0,0.000000,-0.026866,0,0
final_rest,0,803000.0,-0.003899,-0.027864,0,0
final_rest,0,803100.0,-0.007905,-0.026471,0,0
final_rest,0,803200.0,-0.006107,-0.014663,0,0
final_rest,0,803300.0,-0.007353,-0.018182,0,0
final_rest,0,803400.0,-0.007547,-0.023669,0,0
final_rest,0,803500.0,-0.007678,-0.023392,0,0
final_rest,0,803600.0,-0.008493,-0.021053,0,0
final_rest,0,803700.0,-0.003333,-0.020710,0,0
final_rest,0,803800.0,-0.007080,-0.014948,0,0
final_rest,0,803900.0,-0.006006,-0.023392,0,0
final_rest,0,804000.0,-0.007576,-0.024540,0,0
final_rest,0,804100.0,-0.007477,-0.020927,0,0
final_rest,0,804200.0,-0.003407,-0.021705,0,0
final_rest,0,804300.0,-0.003200,-0.019169,0,0
final_rest,0,804400.0,0.000000,-0.021841,0,0
final_rest,0,804500.0,-0.004073,-0.021407,0,0
final_rest,0,804600.0,-0.004024,-0.020498,0,0
final_rest,0,804700.0,-0.003914,-0.017647,0,0
final_rest,0,804800.0,-0.006173,-0.020498,0,0
final_rest,0,804900.0,-0.008850,-0.020144,0,0
final_rest,0,805000.0,0.000000,-0.020029,0,0
final_rest,0,805100.0,-0.006042,-0.020000,0,0
final_rest,0,805200.0,0.000000,-0.020086,0,0
final_rest,0,805300.0,-0.005908,-0.020057,0,0
final_rest,0,805400.0,-0.003101,-0.020260,0,0
final_rest,0,805500.0,-0.002981,-0.021180,0,0
final_rest,0,805600.0,-0.006024,-0.020260,0,0
final_rest,0,805700.0,-0.005944,-0.020231,0,0
final_rest,0,805800.0,-0.005952,-0.020679,0,0
final_rest,0,805900.0,-0.003610,-0.020115,0,0
final_rest,0,806000.0,-0.003521,-0.021021,0,0
final_rest,0,806100.0,-0.003120,-0.015314,0,0
final_rest,0,806200.0,-0.002849,-0.020438,0,0
final_rest,0,806300.0,-0.006173,-0.018519,0,0
final_rest,0,806400.0,-0.005900,-0.017831,0,0
final_rest,0,806500.0,-0.005848,-0.017417,0,0
final_rest,0,806600.0,0.000000,-0.018127,0,0
final_rest,0,806700.0,-0.003781,-0.020927,0,0
final_rest,0,806800.0,-0.006329,-0.021116,0,0
final_rest,0,806900.0,-0.007394,-0.020528,0,0
final_rest,0,807000.0,-0.006240,-0.021244,0,0
final_rest,0,807100.0,-0.005772,-0.020498,0,0
final_rest,0,807200.0,-0.006240,-0.020619,0,0
final_rest,0,807300.0,-0.002878,-0.020057,0,0
final_rest,0,807400.0,-0.003077,-0.017647,0,0
final_rest,0,807500.0,-0.006088,-0.021116,0,0
final_rest,0,807600.0,-0.007339,-0.021341,0,0
final_rest,0,807700.0,-0.009238,-0.017699,0,0
final_rest,0,807800.0,-0.007156,-0.017316,0,0
final_rest,0,807900.0,-0.007737,-0.018519,0,0
final_rest,0,808000.0,-0.003540,-0.020115,0,0
final_rest,0,808100.0,-0.003120,-0.021084,0,0
final_rest,0,808200.0,-0.003604,-0.020057,0,0
final_rest,0,808300.0,-0.007505,-0.020498,0,0
final_rest,0,808400.0,-0.007491,-0.017241,0,0
final_rest,0,808500.0,-0.003697,-0.020086,0,0
final_rest,0,808600.0,0.000000,-0.021053,0,0
final_rest,0,808700.0,0.000000,-0.020927,0,0
final_rest,0,808800.0,0.000000,-0.020710,0,0
final_rest,0,808900.0,-0.004167,-0.015480,0,0
final_rest,0,809000.0,-0.003503,-0.020231,0,0
final_rest,0,809100.0,-0.007449,-0.021638,0,0
final_rest,0,809200.0,-0.006144,-0.018237,0,0
final_rest,0,809300.0,0.000000,-0.020057,0,0
final_rest,0,809400.0,-0.007590,-0.022617,0,0
final_rest,0,809500.0,-0.003795,-0.012327,0,0
final_rest,0,809600.0,-0.011719,-0.020741,0,0
final_rest,0,809700.0,-0.006993,-0.020057,0,0
final_rest,0,809800.0,-0.005594,-0.020349,0,0
final_rest,0,809900.0,-0.006144,-0.017493,0,0
final_rest,0,810000.0,-0.008889,-0.018182,0,0
final_rest,0,810100.0,-0.005690,-0.014598,0,0
final_rest,0,810200.0,-0.003067,-0.020029,0,0
final_rest,0,810300.0,-0.003279,-0.018405,0,0
final_rest,0,810400.0,0.000000,-0.020895,0,0
final_rest,0,810500.0,-0.002899,-0.020029,0,0
final_rest,0,810600.0,0.000000,-0.018433,0,0
final_rest,0,810700.0,-0.003086,-0.020958,0,0
final_rest,0,810800.0,-0.009419,-0.020086,0,0
final_rest,0,810900.0,-0.006644,-0.022364,0,0
final_rest,0,811000.0,-0.007619,-0.016051,0,0
final_rest,0,811100.0,-0.009259,-0.015924,0,0
final_rest,0,811200.0,-0.009600,-0.020802,0,0
final_rest,0,811300.0,-0.006369,-0.020679,0,0
final_rest,0,811400.0,-0.010187,-0.021572,0,0
final_rest,0,811500.0,-0.006400,-0.014793,0,0
final_rest,0,811600.0,-0.006993,-0.020619,0,0
final_rest,0,811700.0,-0.009677,-0.017778,0,0
final_rest,0,811800.0,0.000000,-0.018182,0,0
final_rest,0,811900.0,-0.007207,-0.020000,0,0
final_rest,0,812000.0,-0.011583,-0.017493,0,0
final_rest,0,812100.0,-0.006431,-0.017266,0,0
final_rest,0,812200.0,-0.003017,-0.020029,0,0
final_rest,0,812300.0,-0.009585,-0.020710,0,0
final_rest,0,812400.0,-0.006452,-0.020290,0,0
final_rest,0,812500.0,-0.009836,-0.020029,0,0
final_rest,0,812600.0,-0.008811,-0.017751,0,0
final_rest,0,812700.0,-0.005997,-0.015198,0,0
final_rest,0,812800.0,-0.009050,-0.020498,0,0
final_rest,0,812900.0,-0.008646,-0.020290,0,0
final_rest,0,813000.0,-0.011673,-0.020558,0,0
final_rest,0,813100.0,-0.010929,-0.021180,0,0
final_rest,0,813200.0,-0.006015,-0.020498,0,0
final_rest,0,813300.0,-0.006601,-0.017595,0,0
final_rest,0,813400.0,-0.007828,-0.018045,0,0
final_rest,0,813500.0,-0.009288,-0.014948,0,0
final_rest,0,813600.0,-0.009917,-0.021672,0,0
final_rest,0,813700.0,-0.003670,-0.017442,0,0
final_rest,0,813800.0,-0.009119,-0.017751,0,0
final_rest,0,813900.0,-0.009160,-0.020290,0,0
final_rest,0,814000.0,-0.008863,-0.020057,0,0
final_rest,0,814100.0,-0.005979,-0.017316,0,0
final_rest,0,814200.0,0.000000,-0.011364,0,0
final_rest,0,814300.0,-0.010118,-0.020057,0,0
final_rest,0,814400.0,-0.009217,-0.020619,0,0
final_rest,0,814500.0,-0.008837,-0.021148,0,0
final_rest,0,814600.0,-0.006339,-0.018100,0,0
final_rest,0,814700.0,-0.009274,-0.020498,0,0
final_rest,0,814800.0,-0.009693,-0.020498,0,0
final_rest,0,814900.0,-0.005979,-0.021841,0,0
final_rest,0,815000.0,-0.010453,-0.020086,0,0
final_rest,0,815100.0,-0.009967,-0.020349,0,0
final_rest,0,815200.0,-0.010582,-0.020086,0,0
final_rest,0,815300.0,-0.007561,-0.019480,0,0
final_rest,0,815400.0,-0.006826,-0.023529,0,0
final_rest,0,815500.0,-0.007874,-0.017241,0,0
final_rest,0,815600.0,-0.010582,-0.020710,0,0
final_rest,0,815700.0,-0.003515,-0.021638,0,0
final_rest,0,815800.0,-0.003891,-0.018838,0,0
final_rest,0,815900.0,-0.009063,-0.020710,0,0
final_rest,0,816000.0,-0.005128,-0.020725,0,0
final_rest,0,816100.0,-0.007394,-0.017241,0,0
final_rest,0,816200.0,-0.008982,-0.021538,0,0
final_rest,0,816300.0,-0.009050,-0.020173,0,0
final_rest,0,816400.0,-0.010526,-0.020679,0,0
final_rest,0,816500.0,-0.007435,-0.021180,0,0
final_rest,0,816600.0,-0.011111,-0.017699,0,0
final_rest,0,816700.0,0.000000,-0.021309,0,0
final_rest,0,816800.0,-0.006135,-0.018265,0,0
final_rest,0,816900.0,-0.009331,-0.021773,0,0
final_rest,0,817000.0,-0.010638,-0.020679,0,0
final_rest,0,817100.0,-0.007080,-0.021277,0,0
final_rest,0,817200.0,-0.003030,-0.017217,0,0
final_rest,0,817300.0,-0.009917,-0.018209,0,0
final_rest,0,817400.0,-0.003690,-0.012251,0,0
final_rest,0,817500.0,-0.007080,-0.021084,0,0
final_rest,0,817600.0,-0.009693,-0.015649,0,0
final_rest,0,817700.0,-0.006107,-0.018377,0,0
final_rest,0,817800.0,-0.007259,-0.018045,0,0
final_rest,0,817900.0,0.000000,-0.021858,0,0
final_rest,0,818000.0,-0.005979,-0.020086,0,0
final_rest,0,818100.0,-0.003067,-0.021773,0,0
final_rest,0,818200.0,-0.006329,-0.018072,0,0
final_rest,0,818300.0,-0.010471,-0.020498,0,0
final_rest,0,818400.0,-0.010582,-0.020927,0,0
final_rest,0,818500.0,-0.011788,-0.019017,0,0
final_rest,0,818600.0,-0.006192,-0.020498,0,0
final_rest,0,818700.0,-0.008571,-0.020173,0,0
final_rest,0,818800.0,-0.009146,-0.018633,0,0
final_rest,0,818900.0,-0.009174,-0.021116,0,0
final_rest,0,819000.0,-0.009132,-0.020958,0,0
final_rest,0,819100.0,-0.007005,-0.021244,0,0
final_rest,0,819200.0,-0.007380,-0.021180,0,0
final_rest,0,819300.0,-0.010471,-0.021244,0,0
final_rest,0,819400.0,-0.005997,-0.020710,0,0
final_rest,0,819500.0,-0.008596,-0.017241,0,0
final_rest,0,819600.0,-0.006250,-0.018721,0,0
final_rest,0,819700.0,-0.009360,-0.018349,0,0
final_rest,0,819800.0,-0.008608,-0.020057,0,0
final_rest,0,819900.0,-0.009063,-0.020319,0,0
final_rest,0,820000.0,-0.006369,-0.021148,0,0
final_rest,0,820100.0,-0.009036,-0.020864,0,0
final_rest,0,820200.0,-0.009434,-0.020649,0,0
final_rest,0,820300.0,-0.009023,-0.017241,0,0
final_rest,0,820400.0,-0.008535,-0.020115,0,0
final_rest,0,820500.0,-0.006932,-0.021180,0,0
final_rest,0,820600.0,-0.008876,-0.020349,0,0
final_rest,0,820700.0,-0.008996,-0.020990,0,0
final_rest,0,820800.0,-0.009569,-0.018633,0,0
final_rest,0,820900.0,-0.009449,-0.020679,0,0
final_rest,0,821000.0,-0.009091,-0.020741,0,0
final_rest,0,821100.0,-0.008876,-0.017316,0,0
final_rest,0,821200.0,-0.006192,-0.022690,0,0
final_rest,0,821300.0,-0.008523,-0.020086,0,0
final_rest,0,821400.0,-0.008584,-0.017964,0,0
final_rest,0,821500.0,-0.008876,-0.020057,0,0
final_rest,0,821600.0,-0.008571,-0.020057,0,0
final_rest,0,821700.0,-0.008427,-0.020000,0,0
final_rest,0,821800.0,-0.009202,-0.021440,0,0
final_rest,0,821900.0,-0.003165,-0.020498,0,0
final_rest,0,822000.0,-0.008535,-0.020086,0,0
final_rest,0,822100.0,-0.008523,-0.023022,0,0
final_rest,0,822200.0,-0.005698,-0.023256,0,0
final_rest,0,822300.0,-0.008499,-0.023155,0,0
final_rest,0,822400.0,-0.005714,-0.020528,0,0
final_rest,0,822500.0,-0.008523,-0.022923,0,0
final_rest,0,822600.0,-0.011029,-0.018083,0,0
final_rest,0,822700.0,-0.008000,-0.024653,0,0
final_rest,0,822800.0,-0.008955,-0.023669,0,0
final_rest,0,822900.0,-0.002911,-0.024060,0,0
final_rest,0,823000.0,-0.006309,-0.020086,0,0
final_rest,0,823100.0,-0.008559,-0.020679,0,0
final_rest,0,823200.0,-0.009288,-0.024133,0,0
final_rest,0,823300.0,-0.009509,-0.023669,0,0
final_rest,0,823400.0,-0.008942,-0.020772,0,0
final_rest,0,823500.0,-0.008915,-0.020057,0,0
final_rest,0,823600.0,-0.006299,-0.017910,0,0
final_rest,0,823700.0,-0.008889,-0.022825,0,0
final_rest,0,823800.0,-0.009288,-0.021053,0,0
final_rest,0,823900.0,-0.010909,-0.023055,0,0
final_rest,0,824000.0,-0.009346,-0.020895,0,0
final_rest,0,824100.0,-0.008915,-0.020029,0,0
final_rest,0,824200.0,-0.008487,-0.021472,0,0
final_rest,0,824300.0,-0.008811,-0.022857,0,0
final_rest,0,824400.0,-0.010084,-0.020319,0,0
final_rest,0,824500.0,-0.010601,-0.021244,0,0
final_rest,0,824600.0,-0.009983,-0.024768,0,0
final_rest,0,824700.0,0.000000,-0.021244,0,0
final_rest,0,824800.0,-0.009288,-0.023952,0,0
final_rest,0,824900.0,-0.008915,-0.023392,0,0
final_rest,0,825000.0,-0.008683,-0.023564,0,0
final_rest,0,825100.0,-0.008837,-0.021180,0,0
final_rest,0,825200.0,-0.006745,-0.021053,0,0
final_rest,0,825300.0,-0.010989,-0.019449,0,0
final_rest,0,825400.0,-0.009554,-0.018072,0,0
final_rest,0,825500.0,-0.010638,-0.021572,0,0
final_rest,0,825600.0,-0.007380,-0.020833,0,0
final_rest,0,825700.0,-0.010292,-0.021472,0,0
final_rest,0,825800.0,-0.008523,-0.020086,0,0
final_rest,0,825900.0,-0.010601,-0.021739,0,0
final_rest,0,826000.0,-0.003623,-0.018405,0,0
final_rest,0,826100.0,-0.009174,-0.018405,0,0
final_rest,0,826200.0,-0.008535,-0.020588,0,0
final_rest,0,826300.0,-0.006547,-0.021021,0,0
final_rest,0,826400.0,-0.008798,-0.020895,0,0
final_rest,0,826500.0,-0.006006,-0.021705,0,0
final_rest,0,826600.0,-0.003540,-0.018405,0,0
final_rest,0,826700.0,-0.009509,-0.020741,0,0
final_rest,0,826800.0,-0.008523,-0.021148,0,0
final_rest,0,826900.0,-0.009119,-0.021148,0,0
final_rest,0,827000.0,-0.008721,-0.012270,0,0
final_rest,0,827100.0,-0.006070,-0.017910,0,0
final_rest,0,827200.0,-0.009509,-0.021053,0,0
final_rest,0,827300.0,-0.006634,-0.020528,0,0
final_rest,0,827400.0,-0.009259,-0.020086,0,0
final_rest,0,827500.0,-0.007030,-0.018605,0,0
final_rest,0,827600.0,-0.008621,-0.020588,0,0
final_rest,0,827700.0,-0.008646,-0.020649,0,0
final_rest,0,827800.0,-0.009036,-0.023166,0,0
final_rest,0,827900.0,-0.008596,-0.018349,0,0
final_rest,0,828000.0,-0.008696,-0.020958,0,0
final_rest,0,828100.0,-0.008571,-0.020057,0,0
final_rest,0,828200.0,-0.008584,-0.017266,0,0
final_rest,0,828300.0,-0.007353,-0.020649,0,0
final_rest,0,828400.0,-0.006042,-0.021116,0,0
final_rest,0,828500.0,-0.009259,-0.021021,0,0
final_rest,0,828600.0,-0.013072,-0.022801,0,0
final_rest,0,828700.0,-0.009331,-0.018072,0,0
final_rest,0,828800.0,-0.009804,-0.017241,0,0
final_rest,0,828900.0,-0.009274,-0.019455,0,0
final_rest,0,829000.0,-0.005642,-0.021053,0,0
final_rest,0,829100.0,0.000000,-0.017341,0,0
final_rest,0,829200.0,-0.009105,-0.020895,0,0
final_rest,0,829300.0,-0.011817,-0.018100,0,0
final_rest,0,829400.0,-0.012270,-0.020927,0,0
final_rest,0,829500.0,-0.009360,-0.020029,0,0
final_rest,0,829600.0,-0.005797,-0.020029,0,0
final_rest,0,829700.0,-0.007017,-0.021374,0,0
final_rest,0,829800.0,-0.006462,-0.020231,0,0
final_rest,0,829900.0,-0.011628,-0.018321,0,0
final_rest,0,830000.0,-0.008596,-0.017725,0,0
final_rest,0,830100.0,-0.011869,-0.021341,0,0
final_rest,0,830200.0,-0.011034,-0.021244,0,0
final_rest,0,830300.0,-0.011713,-0.020000,0,0
final_rest,0,830400.0,-0.008708,-0.020895,0,0
final_rest,0,830500.0,-0.012195,-0.020588,0,0
final_rest,0,830600.0,-0.008696,-0.017192,0,0
final_rest,0,830700.0,-0.008299,-0.017391,0,0
final_rest,0,830800.0,-0.009434,-0.021978,0,0
final_rest,0,830900.0,-0.011852,-0.017937,0,0
final_rest,0,831000.0,-0.012158,-0.018519,0,0
final_rest,0,831100.0,-0.011331,-0.017192,0,0
final_rest,0,831200.0,-0.012384,-0.020029,0,0
final_rest,0,831300.0,-0.012346,-0.020349,0,0
final_rest,0,831400.0,-0.012739,-0.018045,0,0
final_rest,0,831500.0,-0.012158,-0.020741,0,0
final_rest,0,831600.0,-0.009050,-0.021244,0,0
final_rest,0,831700.0,-0.010620,-0.018605,0,0
final_rest,0,831800.0,-0.006061,-0.014992,0,0
final_rest,0,831900.0,-0.006173,-0.020029,0,0
final_rest,0,832000.0,-0.009217,-0.019048,0,0
final_rest,0,832100.0,-0.011331,-0.020029,0,0
final_rest,0,832200.0,-0.011679,-0.017167,0,0
final_rest,0,832300.0,-0.011696,-0.020290,0,0
final_rest,0,832400.0,-0.011478,-0.017673,0,0
final_rest,0,832500.0,-0.011713,-0.020029,0,0
final_rest,0,832600.0,-0.009360,-0.018154,0,0
final_rest,0,832700.0,-0.011478,-0.020029,0,0
final_rest,0,832800.0,-0.011494,-0.020231,0,0
final_rest,0,832900.0,-0.011628,-0.020086,0,0
final_rest,0,833000.0,-0.011976,-0.014641,0,0
final_rest,0,833100.0,-0.011111,-0.017442,0,0
final_rest,0,833200.0,-0.008671,-0.017316,0,0
final_rest,0,833300.0,-0.011331,-0.020057,0,0
final_rest,0,833400.0,-0.011799,-0.021116,0,0
final_rest,0,833500.0,-0.012461,-0.017192,0,0
final_rest,0,833600.0,-0.009585,-0.020173,0,0
final_rest,0,833700.0,-0.012685,-0.021341,0,0
final_rest,0,833800.0,-0.012270,-0.020115,0,0
final_rest,0,833900.0,-0.008608,-0.017467,0,0
final_rest,0,834000.0,-0.008969,-0.020057,0,0
final_rest,0,834100.0,-0.011331,-0.020086,0,0
final_rest,0,834200.0,-0.012520,-0.020895,0,0
final_rest,0,834300.0,-0.008596,-0.021341,0,0
final_rest,0,834400.0,-0.011029,-0.021705,0,0
final_rest,0,834500.0,-0.012638,-0.015798,0,0
final_rest,0,834600.0,-0.011331,-0.017192,0,0
final_rest,0,834700.0,-0.011445,-0.021116,0,0
final_rest,0,834800.0,-0.011940,-0.017778,0,0
final_rest,0,834900.0,-0.012177,-0.016474,0,0
final_rest,0,835000.0,-0.011628,-0.020679,0,0
final_rest,0,835100.0,-0.011478,-0.020202,0,0
final_rest,0,835200.0,-0.008621,-0.020202,0,0
final_rest,0,835300.0,-0.012658,-0.020679,0,0
final_rest,0,835400.0,-0.006462,-0.020528,0,0
final_rest,0,835500.0,-0.011331,-0.020290,0,0
final_rest,0,835600.0,-0.011331,-0.017167,0,0
final_rest,0,835700.0,-0.011445,-0.020349,0,0
final_rest,0,835800.0,-0.011611,-0.020086,0,0
final_rest,0,835900.0,-0.011544,-0.020679,0,0
final_rest,0,836000.0,-0.009419,-0.021944,0,0
final_rest,0,836100.0,-0.012048,-0.020202,0,0
final_rest,0,836200.0,-0.011817,-0.017673,0,0
final_rest,0,836300.0,-0.011765,-0.018490,0,0
final_rest,0,836400.0,-0.011158,-0.020115,0,0
final_rest,0,836500.0,-0.011799,-0.020000,0,0
final_rest,0,836600.0,-0.009449,-0.015060,0,0
final_rest,0,836700.0,-0.011478,-0.020619,0,0
final_rest,0,836800.0,-0.011096,-0.021084,0,0
final_rest,0,836900.0,-0.011887,-0.020588,0,0
final_rest,0,837000.0,-0.011189,-0.020772,0,0
final_rest,0,837100.0,-0.010563,-0.021944,0,0
final_rest,0,837200.0,-0.012270,-0.021374,0,0
final_rest,0,837300.0,-0.008559,-0.020958,0,0
final_rest,0,837400.0,-0.008915,-0.020864,0,0
final_rest,0,837500.0,-0.008529,-0.021572,0,0
final_rest,0,837600.0,-0.008929,-0.017167,0,0
final_rest,0,837700.0,-0.011713,-0.020115,0,0
final_rest,0,837800.0,0.000000,-0.018721,0,0
final_rest,0,837900.0,0.000000,-0.019769,0,0
final_rest,0,838000.0,-0.012759,-0.020927,0,0
final_rest,0,838100.0,-0.017778,-0.021944,0,0
final_rest,0,838200.0,-0.012598,-0.020057,0,0
final_rest,0,838300.0,-0.012403,-0.020086,0,0
final_rest,0,838400.0,-0.011799,-0.020057,0,0
final_rest,0,838500.0,-0.012638,-0.017241,0,0
final_rest,0,838600.0,-0.009772,-0.020029,0,0
final_rest,0,838700.0,-0.006061,-0.015723,0,0
final_rest,0,838800.0,-0.009569,-0.020086,0,0
final_rest,0,838900.0,-0.009539,-0.020649,0,0
final_rest,0,839000.0,-0.011817,-0.020029,0,0
final_rest,0,839100.0,-0.012012,-0.017910,0,0
final_rest,0,839200.0,-0.006329,-0.020029,0,0
final_rest,0,839300.0,-0.011817,-0.020029,0,0
final_rest,0,839400.0,-0.012140,-0.018349,0,0
final_rest,0,839500.0,-0.011887,-0.020029,0,0
final_rest,0,839600.0,-0.012012,-0.018182,0,0
final_rest,0,839700.0,-0.011940,-0.018127,0,0
final_rest,0,839800.0,-0.011940,-0.020086,0,0
final_rest,0,839900.0,-0.008942,-0.020029,0,0
final_rest,0,840000.0,-0.009119,-0.017937,0,0
final_rest,0,840100.0,-0.012270,-0.017192,0,0
final_rest,0,840200.0,-0.013072,-0.021705,0,0
final_rest,0,840300.0,-0.006051,-0.018605,0,0
final_rest,0,840400.0,-0.009600,-0.015038,0,0
final_rest,0,840500.0,-0.014663,-0.020086,0,0
final_rest,0,840600.0,-0.012012,-0.018072,0,0
final_rest,0,840700.0,-0.014903,-0.020202,0,0
final_rest,0,840800.0,-0.015175,-0.018045,0,0
final_rest,0,840900.0,-0.012461,-0.021212,0,0
final_rest,0,841000.0,-0.015244,-0.020990,0,0
final_rest,0,841100.0,-0.012461,-0.020958,0,0
final_rest,0,841200.0,-0.014815,-0.014903,0,0
final_rest,0,841300.0,-0.010508,-0.016077,0,0
final_rest,0,841400.0,-0.015337,-0.020864,0,0
final_rest,0,841500.0,-0.020619,-0.012903,0,0
final_rest,0,841600.0,-0.015552,-0.018045,0,0
final_rest,0,841700.0,-0.009174,-0.022047,0,0
final_rest,0,841800.0,-0.015699,-0.020057,0,0
final_rest,0,841900.0,-0.012520,-0.021180,0,0
final_rest,0,842000.0,-0.011922,-0.020864,0,0
final_rest,0,842100.0,-0.014970,-0.017910,0,0
final_rest,0,842200.0,-0.016103,-0.017857,0,0
final_rest,0,842300.0,-0.008969,-0.021212,0,0
final_rest,0,842400.0,-0.015198,-0.017991,0,0
final_rest,0,842500.0,-0.014859,-0.020029,0,0
final_rest,0,842600.0,-0.015106,-0.010067,0,0
final_rest,0,842700.0,-0.015601,-0.021053,0,0
final_rest,0,842800.0,-0.015504,-0.021407,0,0
final_rest,0,842900.0,-0.012270,-0.018433,0,0
final_rest,0,843000.0,-0.010000,-0.017991,0,0
final_rest,0,843100.0,-0.015601,-0.018072,0,0
final_rest,0,843200.0,-0.011852,-0.020029,0,0
final_rest,0,843300.0,-0.012251,-0.018237,0,0
final_rest,0,843400.0,-0.015198,-0.018045,0,0
final_rest,0,843500.0,-0.012500,-0.020231,0,0
final_rest,0,843600.0,-0.015385,-0.022436,0,0
final_rest,0,843700.0,-0.013245,-0.022082,0,0
final_rest,0,843800.0,-0.016584,-0.012820,0,0
final_rest,0,843900.0,-0.009302,-0.015601,0,0
final_rest,0,844000.0,-0.006260,-0.021773,0,0
final_rest,0,844100.0,-0.009245,-0.015924,0,0
final_rest,0,844200.0,-0.010101,-0.020895,0,0
final_rest,0,844300.0,-0.009434,-0.017910,0,0
final_rest,0,844400.0,-0.014859,-0.020173,0,0
final_rest,0,844500.0,-0.011257,-0.021605,0,0
final_rest,0,844600.0,-0.015106,-0.020864,0,0
final_rest,0,844700.0,-0.011765,-0.020029,0,0
final_rest,0,844800.0,-0.011940,-0.020408,0,0
final_rest,0,844900.0,0.000000,-0.017937,0,0
final_rest,0,845000.0,-0.012232,-0.020029,0,0
final_rest,0,845100.0,-0.015038,-0.018663,0,0
final_rest,0,845200.0,-0.012308,-0.018633,0,0
final_rest,0,845300.0,-0.014388,-0.020958,0,0
final_rest,0,845400.0,-0.009756,-0.017794,0,0
final_rest,0,845500.0,-0.014084,-0.026087,0,0
final_rest,0,845600.0,-0.011869,-0.022857,0,0
final_rest,0,845700.0,-0.013333,-0.021807,0,0
final_rest,0,845800.0,-0.016162,-0.019293,0,0
final_rest,0,845900.0,-0.006319,-0.024206,0,0
final_rest,0,846000.0,-0.016000,-0.021773,0,0
final_rest,0,846100.0,-0.012579,-0.020864,0,0
final_rest,0,846200.0,-0.012346,-0.018377,0,0
final_rest,0,846300.0,-0.009009,-0.024272,0,0
final_rest,0,846400.0,-0.012012,-0.020833,0,0
final_rest,0,846500.0,-0.012308,-0.024465,0,0
final_rest,0,846600.0,-0.016722,-0.027682,0,0
final_rest,0,846700.0,-0.015898,-0.021244,0,0
final_rest,0,846800.0,-0.012618,-0.021672,0,0
final_rest,0,846900.0,-0.012442,-0.018868,0,0
final_rest,0,847000.0,-0.014771,-0.017391,0,0
final_rest,0,847100.0,-0.015949,-0.024060,0,0
final_rest,0,847200.0,0.000000,-0.022436,0,0
final_rest,0,847300.0,-0.012903,-0.021739,0,0
final_rest,0,847400.0,-0.010000,-0.019608,0,0
final_rest,0,847500.0,-0.015949,-0.018349,0,0
final_rest,0,847600.0,-0.012658,-0.020864,0,0
final_rest,0,847700.0,-0.012327,-0.024428,0,0
final_rest,0,847800.0,-0.007220,-0.021440,0,0
final_rest,0,847900.0,-0.006211,-0.018349,0,0
final_rest,0,848000.0,-0.012403,-0.015267,0,0
final_rest,0,848100.0,-0.011852,-0.024353,0,0
final_rest,0,848200.0,-0.012422,-0.020115,0,0
final_rest,0,848300.0,-0.011215,-0.018898,0,0
final_rest,0,848400.0,-0.013245,-0.023529,0,0
final_rest,0,848500.0,-0.011152,-0.022838,0,0
final_rest,0,848600.0,-0.019851,-0.018265,0,0
final_rest,0,848700.0,-0.010309,-0.018405,0,0
final_rest,0,848800.0,0.000000,-0.025276,0,0
final_rest,0,848900.0,-0.009901,-0.021672,0,0
final_rest,0,849000.0,-0.012327,-0.022825,0,0
final_rest,0,849100.0,-0.020725,-0.020408,0,0
final_rest,0,849200.0,-0.012848,-0.017422,0,0
final_rest,0,849300.0,0.000000,-0.017036,0,0
final_rest,0,849400.0,-0.012103,-0.023669,0,0
final_rest,0,849500.0,0.000000,-0.021672,0,0
final_rest,0,849600.0,-0.011713,-0.023188,0,0
final_rest,0,849700.0,-0.010327,-0.021440,0,0
final_rest,0,849800.0,-0.010453,-0.016393,0,0
final_rest,0,849900.0,-0.012103,-0.024096,0,0
final_rest,0,850000.0,-0.015905,-0.025918,0,0
final_rest,0,850100.0,-0.011869,-0.020202,0,0
final_rest,0,850200.0,-0.009302,-0.023460,0,0
final_rest,0,850300.0,-0.012820,-0.024096,0,0
final_rest,0,850400.0,-0.011713,-0.024024,0,0
final_rest,0,850500.0,-0.009346,-0.023088,0,0
final_rest,0,850600.0,-0.012085,-0.022436,0,0
final_rest,0,850700.0,-0.008969,-0.023392,0,0
final_rest,0,850800.0,-0.009756,-0.022293,0,0
final_rest,0,850900.0,-0.011905,-0.024428,0,0
final_rest,0,851000.0,-0.009852,-0.021705,0,0
final_rest,0,851100.0,-0.011364,-0.020305,0,0
final_rest,0,851200.0,-0.011817,-0.024169,0,0
final_rest,0,851300.0,-0.009274,-0.024206,0,0
final_rest,0,851400.0,-0.012270,-0.018633,0,0
final_rest,0,851500.0,0.000000,-0.020958,0,0
final_rest,0,851600.0,-0.012461,-0.022825,0,0
final_rest,0,851700.0,-0.010135,-0.023669,0,0
final_rest,0,851800.0,-0.009852,-0.018293,0,0
final_rest,0,851900.0,-0.013136,-0.022825,0,0
final_rest,0,852000.0,-0.009852,-0.024353,0,0
final_rest,0,852100.0,-0.011445,-0.024060,0,0
final_rest,0,852200.0,-0.011887,-0.023088,0,0
final_rest,0,852300.0,-0.012461,-0.023988,0,0
final_rest,0,852400.0,-0.009259,-0.022825,0,0
final_rest,0,852500.0,0.000000,-0.021807,0,0
final_rest,0,852600.0,-0.011527,-0.020864,0,0
final_rest,0,852700.0,-0.011922,-0.017937,0,0
final_rest,0,852800.0,-0.003058,-0.020528,0,0
final_rest,0,852900.0,-0.008850,-0.024390,0,0
final_rest,0,853000.0,-0.012903,-0.032609,0,0
final_rest,0,853100.0,-0.012121,-0.023881,0,0
final_rest,0,853200.0,-0.011994,-0.024096,0,0
final_rest,0,853300.0,-0.012251,-0.020958,0,0
final_rest,0,853400.0,-0.009600,-0.021277,0,0
final_rest,0,853500.0,-0.012140,-0.020864,0,0
final_rest,0,853600.0,-0.011887,-0.021180,0,0
final_rest,0,853700.0,-0.008584,-0.015267,0,0
final_rest,0,853800.0,-0.011730,-0.018433,0,0
final_rest,0,853900.0,-0.011461,-0.021807,0,0
final_rest,0,854000.0,-0.012066,-0.022825,0,0
final_rest,0,854100.0,-0.011994,-0.022364,0,0
final_rest,0,854200.0,-0.012158,-0.026711,0,0
final_rest,0,854300.0,-0.011713,-0.023188,0,0
final_rest,0,854400.0,-0.009146,-0.024316,0,0
final_rest,0,854500.0,-0.011561,-0.021277,0,0
final_rest,0,854600.0,-0.005935,-0.026906,0,0
final_rest,0,854700.0,-0.011869,-0.026125,0,0
final_rest,0,854800.0,-0.011662,-0.028800,0,0
final_rest,0,854900.0,-0.012177,-0.025641,0,0
final_rest,0,855000.0,-0.011478,-0.025678,0,0
final_rest,0,855100.0,0.000000,-0.024242,0,0
final_rest,0,855200.0,-0.011782,-0.023810,0,0
final_rest,0,855300.0,-0.011478,-0.025641,0,0
final_rest,0,855400.0,-0.011799,-0.024465,0,0
final_rest,0,855500.0,-0.011852,-0.025641,0,0
final_rest,0,855600.0,-0.011561,-0.027068,0,0
final_rest,0,855700.0,-0.011887,-0.023988,0,0
final_rest,0,855800.0,0.000000,-0.025276,0,0
final_rest,0,855900.0,-0.012177,-0.026471,0,0
final_rest,0,856000.0,-0.011852,-0.027875,0,0
final_rest,0,856100.0,-0.012030,-0.021472,0,0
final_rest,0,856200.0,-0.012177,-0.026432,0,0
final_rest,0,856300.0,-0.011834,-0.018519,0,0
final_rest,0,856400.0,-0.009346,-0.015385,0,0
final_rest,0,856500.0,-0.006163,-0.021212,0,0
final_rest,0,856600.0,-0.011940,-0.024502,0,0
final_rest,0,856700.0,0.000000,-0.028800,0,0
final_rest,0,856800.0,-0.012177,-0.024206,0,0
final_rest,0,856900.0,-0.011887,-0.023599,0,0
final_rest,0,857000.0,-0.012346,-0.021084,0,0
final_rest,0,857100.0,-0.014035,-0.023988,0,0
final_rest,0,857200.0,-0.013072,-0.022293,0,0
final_rest,0,857300.0,-0.009077,-0.025678,0,0
final_rest,0,857400.0,-0.012579,-0.026316,0,0
final_rest,0,857500.0,-0.011799,-0.015244,0,0
final_rest,0,857600.0,-0.012232,-0.021440,0,0
final_rest,0,857700.0,-0.013289,-0.024316,0,0
final_rest,0,857800.0,-0.015748,-0.021598,0,0
final_rest,0,857900.0,-0.012214,-0.023324,0,0
final_rest,0,858000.0,-0.011494,-0.023599,0,0
final_rest,0,858100.0,-0.011577,-0.026588,0,0
final_rest,0,858200.0,-0.011461,-0.024922,0,0
final_rest,0,858300.0,-0.006289,-0.027523,0,0
final_rest,0,858400.0,-0.012520,-0.029900,0,0
final_rest,0,858500.0,-0.010327,-0.021116,0,0
final_rest,0,858600.0,-0.011412,-0.027439,0,0
final_rest,0,858700.0,-0.013536,-0.016367,0,0
final_rest,0,858800.0,-0.011696,-0.024096,0,0
final_rest,0,858900.0,-0.012882,-0.021407,0,0
final_rest,0,859000.0,-0.011922,-0.024242,0,0
final_rest,0,859100.0,-0.012520,-0.018405,0,0
final_rest,0,859200.0,-0.008633,-0.023952,0,0
final_rest,0,859300.0,-0.011527,-0.021407,0,0
final_rest,0,859400.0,-0.011461,-0.026786,0,0
final_rest,0,859500.0,-0.011561,-0.020927,0,0
final_rest,0,859600.0,-0.012924,-0.028346,0,0
final_rest,0,859700.0,-0.012759,-0.023256,0,0
final_rest,0,859800.0,-0.012579,-0.020927,0,0
final_rest,0,859900.0,-0.008811,-0.028526,0,0
final_rest,0,860000.0,-0.011887,-0.027231,0,0
final_rest,0,860100.0,-0.011713,-0.025806,0,0
final_rest,0,860200.0,-0.011445,-0.026432,0,0
final_rest,0,860300.0,-0.011905,-0.024316,0,0
final_rest,0,860400.0,-0.011730,-0.025641,0,0
final_rest,0,860500.0,-0.008876,-0.037736,0,0
final_rest,0,860600.0,-0.006780,-0.025000,0,0
final_rest,0,860700.0,-0.012945,-0.026471,0,0
final_rest,0,860800.0,-0.011958,-0.026432,0,0
final_rest,0,860900.0,-0.008929,-0.023564,0,0
final_rest,0,861000.0,-0.009132,-0.023599,0,0
final_rest,0,861100.0,-0.007619,-0.021692,0,0
final_rest,0,861200.0,-0.011817,-0.024922,0,0
final_rest,0,861300.0,-0.011594,-0.024390,0,0
final_rest,0,861400.0,-0.011561,-0.027314,0,0
final_rest,0,861500.0,-0.012598,-0.021672,0,0
final_rest,0,861600.0,-0.012800,-0.026432,0,0
final_rest,0,861700.0,-0.011782,-0.027314,0,0
final_rest,0,861800.0,-0.011730,-0.022825,0,0
final_rest,0,861900.0,-0.011940,-0.027356,0,0
final_rest,0,862000.0,-0.012598,-0.024353,0,0
final_rest,0,862100.0,-0.011679,-0.023495,0,0
final_rest,0,862200.0,-0.012214,-0.021374,0,0
final_rest,0,862300.0,-0.011994,-0.026217,0,0
final_rest,0,862400.0,-0.011544,-0.020990,0,0
final_rest,0,862500.0,-0.011922,-0.020927,0,0
final_rest,0,862600.0,-0.009009,-0.020661,0,0
final_rest,0,862700.0,-0.012048,-0.020583,0,0
final_rest,0,862800.0,-0.011765,-0.018547,0,0
final_rest,0,862900.0,-0.011852,-0.022825,0,0
final_rest,0,863000.0,-0.012618,-0.020619,0,0
final_rest,0,863100.0,-0.011611,-0.021053,0,0
final_rest,0,863200.0,-0.009050,-0.022792,0,0
final_rest,0,863300.0,-0.019900,-0.024353,0,0
final_rest,0,863400.0,-0.012251,-0.024138,0,0
final_rest,0,863500.0,-0.010327,-0.018663,0,0
final_rest,0,863600.0,-0.009868,-0.022890,0,0
final_rest,0,863700.0,-0.006329,-0.023916,0,0
final_rest,0,863800.0,-0.012346,-0.023392,0,0
final_rest,0,863900.0,-0.012384,-0.022890,0,0
final_rest,0,864000.0,-0.012422,-0.022890,0,0
final_rest,0,864100.0,-0.012739,-0.013051,0,0
final_rest,0,864200.0,-0.012140,-0.017241,0,0
final_rest,0,864300.0,-0.011662,-0.024390,0,0
final_rest,0,864400.0,-0.011380,-0.020115,0,0
final_rest,0,864500.0,-0.012308,-0.023669,0,0
final_rest,0,864600.0,-0.011594,-0.022792,0,0
final_rest,0,864700.0,-0.012862,-0.026316,0,0
final_rest,0,864800.0,-0.011611,-0.023155,0,0
final_rest,0,864900.0,-0.009828,-0.021244,0,0
final_rest,0,865000.0,-0.012103,-0.023564,0,0
final_rest,0,865100.0,-0.012121,-0.021148,0,0
final_rest,0,865200.0,-0.013180,-0.017167,0,0
final_rest,0,865300.0,-0.012924,-0.020958,0,0
final_rest,0,865400.0,-0.008824,-0.017167,0,0
final_rest,0,865500.0,-0.011765,-0.024024,0,0
final_rest,0,865600.0,-0.009202,-0.022825,0,0
final_rest,0,865700.0,0.000000,-0.017167,0,0
final_rest,0,865800.0,-0.008837,-0.024502,0,0
final_rest,0,865900.0,-0.012800,-0.019802,0,0
final_rest,0,866000.0,-0.009419,-0.024845,0,0
final_rest,0,866100.0,-0.009360,-0.022825,0,0
final_rest,0,866200.0,-0.011561,-0.022890,0,0
final_rest,0,866300.0,-0.003339,-0.020173,0,0
final_rest,0,866400.0,-0.009346,-0.022890,0,0
final_rest,0,866500.0,-0.012638,-0.022890,0,0
final_rest,0,866600.0,-0.011976,-0.021084,0,0
final_rest,0,866700.0,-0.010526,-0.028169,0,0
final_rest,0,866800.0,-0.012085,-0.023141,0,0
final_rest,0,866900.0,-0.012539,-0.021244,0,0
final_rest,0,867000.0,-0.009709,-0.020833,0,0
final_rest,0,867100.0,-0.011561,-0.020115,0,0
final_rest,0,867200.0,-0.011994,-0.023564,0,0
final_rest,0,867300.0,-0.013817,-0.023952,0,0
final_rest,0,867400.0,-0.012066,-0.020990,0,0
final_rest,0,867500.0,-0.012048,-0.023460,0,0
final_rest,0,867600.0,-0.011331,-0.020057,0,0
final_rest,0,867700.0,-0.012658,-0.021407,0,0
final_rest,0,867800.0,-0.009036,-0.024024,0,0
final_rest,0,867900.0,-0.018476,-0.023121,0,0
final_rest,0,868000.0,-0.012598,-0.022956,0,0
final_rest,0,868100.0,-0.012520,-0.020000,0,0
final_rest,0,868200.0,-0.006015,-0.020895,0,0
final_rest,0,868300.0,-0.008596,-0.022792,0,0
final_rest,0,868400.0,-0.012365,-0.023392,0,0
final_rest,0,868500.0,-0.011412,-0.023529,0,0
final_rest,0,868600.0,-0.011461,-0.022825,0,0
final_rest,0,868700.0,-0.012195,-0.015106,0,0
final_rest,0,868800.0,-0.011494,-0.022825,0,0
final_rest,0,868900.0,-0.011765,-0.023324,0,0
final_rest,0,869000.0,-0.011412,-0.024316,0,0
final_rest,0,869100.0,-0.009119,-0.023881,0,0
final_rest,0,869200.0,-0.012195,-0.022923,0,0
final_rest,0,869300.0,-0.012214,-0.023634,0,0
final_rest,0,869400.0,-0.006182,-0.020086,0,0
final_rest,0,869500.0,-0.011782,-0.023460,0,0
final_rest,0,869600.0,-0.006547,-0.021277,0,0
final_rest,0,869700.0,-0.012085,-0.022890,0,0
final_rest,0,869800.0,-0.009479,-0.022857,0,0
final_rest,0,869900.0,-0.019048,-0.022989,0,0
final_rest,0,870000.0,-0.009868,-0.019455,0,0
final_rest,0,870100.0,-0.012384,-0.023290,0,0
final_rest,0,870200.0,-0.007874,-0.024540,0,0
final_rest,0,870300.0,-0.009390,-0.023022,0,0
final_rest,0,870400.0,-0.010084,-0.024133,0,0
final_rest,0,870500.0,-0.012520,-0.022857,0,0
final_rest,0,870600.0,-0.011412,-0.023564,0,0
final_rest,0,870700.0,-0.011765,-0.022857,0,0
final_rest,0,870800.0,-0.012251,-0.020649,0,0
final_rest,0,870900.0,-0.011380,-0.020558,0,0
final_rest,0,871000.0,-0.011817,-0.023810,0,0
final_rest,0,871100.0,-0.011142,-0.021309,0,0
final_rest,0,871200.0,-0.009091,-0.019512,0,0
final_rest,0,871300.0,-0.009231,-0.018045,0,0
final_rest,0,871400.0,-0.011396,-0.020057,0,0
final_rest,0,871500.0,-0.011268,-0.022923,0,0
final_rest,0,871600.0,-0.013029,-0.020000,0,0
final_rest,0,871700.0,-0.009274,-0.020000,0,0
final_rest,0,871800.0,-0.012012,-0.020990,0,0
final_rest,0,871900.0,-0.012559,-0.022825,0,0
final_rest,0,872000.0,-0.012270,-0.023845,0,0
final_rest,0,872100.0,-0.012214,-0.024390,0,0
final_rest,0,872200.0,-0.012012,-0.022857,0,0
final_rest,0,872300.0,-0.011561,-0.022890,0,0
final_rest,0,872400.0,-0.012048,-0.023634,0,0
final_rest,0,872500.0,-0.011994,-0.020864,0,0
final_rest,0,872600.0,-0.007092,-0.024096,0,0
final_rest,0,872700.0,-0.012903,-0.023704,0,0
final_rest,0,872800.0,-0.012559,-0.023102,0,0
final_rest,0,872900.0,-0.011577,-0.023121,0,0
final_rest,0,873000.0,-0.012500,-0.023669,0,0
final_rest,0,873100.0,-0.009788,-0.022508,0,0
final_rest,0,873200.0,-0.012085,-0.020086,0,0
final_rest,0,873300.0,-0.011527,-0.022825,0,0
final_rest,0,873400.0,-0.011527,-0.023774,0,0
final_rest,0,873500.0,-0.011852,-0.020438,0,0
final_rest,0,873600.0,-0.012598,-0.028169,0,0
final_rest,0,873700.0,-0.011407,-0.024561,0,0
final_rest,0,873800.0,-0.011380,-0.020649,0,0
final_rest,0,873900.0,-0.011994,-0.017937,0,0
final_rest,0,874000.0,-0.012698,-0.021978,0,0
final_rest,0,874100.0,-0.012270,-0.023358,0,0
final_rest,0,874200.0,-0.012618,-0.023916,0,0
final_rest,0,874300.0,-0.008996,-0.025806,0,0
final_rest,0,874400.0,-0.011461,-0.022956,0,0
final_rest,0,874500.0,-0.012177,-0.022876,0,0
final_rest,0,874600.0,-0.012085,-0.023392,0,0
final_rest,0,874700.0,-0.012158,-0.022082,0,0
final_rest,0,874800.0,-0.012346,-0.023088,0,0
final_rest,0,874900.0,-0.012820,-0.022857,0,0
final_rest,0,875000.0,-0.012780,-0.024024,0,0
